Date/Time       	Load	VER	Hydro	Fossil/Biomass	Nuclear
09/15/2022 00:00	4974	1126	4160	1131	1140
09/15/2022 00:05	4977	1119	4334	1127	1135
09/15/2022 00:10	4929	1110	4282	1123	1133
09/15/2022 00:15	4873	1096	4267	1122	1139
09/15/2022 00:20	4889	1092	4273	1122	1140
09/15/2022 00:25	4870	1102	4258	1119	1133
09/15/2022 00:30	4895	1101	4268	1124	1134
09/15/2022 00:35	4870	1111	4264	1119	1139
09/15/2022 00:40	4838	1128	4252	1120	1139
09/15/2022 00:45	4748	1123	4177	1117	1133
09/15/2022 00:50	4824	1105	4189	1120	1139
09/15/2022 00:55	4832	1088	4276	1122	1139
09/15/2022 01:00	4800	1091	4262	1122	1139
09/15/2022 01:05	4735	1088	4109	1121	1139
09/15/2022 01:10	4717	1082	4101	1122	1140
09/15/2022 01:15	4773	1075	4077	1121	1140
09/15/2022 01:20	4755	1070	4079	1120	1140
09/15/2022 01:25	4777	1059	4064	1118	1134
09/15/2022 01:30	4788	1067	4059	1122	1141
09/15/2022 01:35	4685	1033	4048	1120	1141
09/15/2022 01:40	4651	1007	4034	1120	1135
09/15/2022 01:45	4708	998	4045	1122	1140
09/15/2022 01:50	4716	990	4044	1119	1139
09/15/2022 01:55	4715	983	4084	1119	1141
09/15/2022 02:00	4710	949	4024	1122	1142
09/15/2022 02:05	4700	940	4052	1124	1143
09/15/2022 02:10	4725	903	4036	1123	1142
09/15/2022 02:15	4679	866	4043	1125	1140
09/15/2022 02:20	4607	846	4003	1121	1140
09/15/2022 02:25	4607	844	4002	1121	1140
09/15/2022 02:30	4629	826	3976	1123	1142
09/15/2022 02:35	4651	810	4031	1126	1140
09/15/2022 02:40	4656	822	4006	1125	1140
09/15/2022 02:45	4662	836	4012	1126	1138
09/15/2022 02:50	4664	853	4015	1122	1140
09/15/2022 02:55	4601	845	4011	1122	1140
09/15/2022 03:00	4631	840	4043	1126	1142
09/15/2022 03:05	4679	834	4051	1127	1140
09/15/2022 03:10	4555	845	3990	1123	1142
09/15/2022 03:15	4650	862	3978	1126	1141
09/15/2022 03:20	4625	867	4006	1124	1140
09/15/2022 03:25	4589	875	4009	1125	1143
09/15/2022 03:30	4652	862	4004	1126	1142
09/15/2022 03:35	4585	865	3977	1126	1143
09/15/2022 03:40	4613	840	3998	1126	1141
09/15/2022 03:45	4659	815	4007	1124	1141
09/15/2022 03:50	4646	795	4017	1126	1143
09/15/2022 03:55	4650	790	4028	1122	1143
09/15/2022 04:00	4585	800	4085	1124	1137
09/15/2022 04:05	4636	799	4114	1127	1143
09/15/2022 04:10	4608	794	4167	1126	1140
09/15/2022 04:15	4638	810	4167	1123	1143
09/15/2022 04:20	4624	807	4170	1124	1140
09/15/2022 04:25	4659	819	4153	1125	1142
09/15/2022 04:30	4677	814	4134	1123	1143
09/15/2022 04:35	4687	819	4135	1123	1142
09/15/2022 04:40	4688	811	4163	1126	1142
09/15/2022 04:45	4749	793	4163	1124	1143
09/15/2022 04:50	4788	790	4212	1123	1143
09/15/2022 04:55	4823	795	4228	1132	1143
09/15/2022 05:00	4836	790	4352	1150	1142
09/15/2022 05:05	4916	783	4513	1157	1142
09/15/2022 05:10	4969	789	4636	1169	1144
09/15/2022 05:15	5004	794	4709	1176	1145
09/15/2022 05:20	5008	815	4666	1185	1143
09/15/2022 05:25	4978	821	4705	1182	1139
09/15/2022 05:30	5079	826	4709	1179	1144
09/15/2022 05:35	5069	830	4733	1176	1144
09/15/2022 05:40	5123	806	4689	1172	1142
09/15/2022 05:45	5128	805	4762	1175	1143
09/15/2022 05:50	5166	802	4736	1175	1143
09/15/2022 05:55	5216	797	4728	1186	1143
09/15/2022 06:00	5233	794	4787	1205	1139
09/15/2022 06:05	5303	784	4976	1214	1143
09/15/2022 06:10	5303	773	5084	1216	1143
09/15/2022 06:15	5316	750	5023	1217	1143
09/15/2022 06:20	5434	732	4984	1215	1146
09/15/2022 06:25	5425	719	5045	1217	1144
09/15/2022 06:30	5424	718	4999	1220	1138
09/15/2022 06:35	5534	701	5026	1221	1142
09/15/2022 06:40	5496	698	5002	1218	1143
09/15/2022 06:45	5544	685	5022	1217	1143
09/15/2022 06:50	5568	674	5063	1216	1143
09/15/2022 06:55	5585	665	5125	1213	1143
09/15/2022 07:00	5632	655	5173	1214	1142
09/15/2022 07:05	5603	639	5283	1211	1144
09/15/2022 07:10	5597	630	5320	1211	1144
09/15/2022 07:15	5675	625	5316	1213	1139
09/15/2022 07:20	5712	614	5333	1215	1144
09/15/2022 07:25	5646	604	5342	1211	1143
09/15/2022 07:30	5715	606	5338	1216	1136
09/15/2022 07:35	5703	592	5271	1212	1143
09/15/2022 07:40	5725	572	5305	1211	1143
09/15/2022 07:45	5741	573	5326	1210	1142
09/15/2022 07:50	5633	563	5259	1212	1143
09/15/2022 07:55	5653	547	5280	1212	1142
09/15/2022 08:00	5657	523	5344	1207	1140
09/15/2022 08:05	5743	524	5435	1216	1141
09/15/2022 08:10	5672	512	5442	1214	1140
09/15/2022 08:15	5753	512	5453	1212	1140
09/15/2022 08:20	5678	507	5436	1215	1142
09/15/2022 08:25	5766	500	5439	1213	1137
09/15/2022 08:30	5766	497	5439	1213	1142
09/15/2022 08:35	5797	505	5381	1213	1139
09/15/2022 08:40	5793	507	5408	1209	1142
09/15/2022 08:45	5738	534	5364	1213	1140
09/15/2022 08:50	5714	546	5336	1208	1140
09/15/2022 08:55	5766	584	5256	1212	1141
09/15/2022 09:00	5748	611	5088	1213	1140
09/15/2022 09:05	5749	634	5036	1208	1141
09/15/2022 09:10	5769	662	5035	1209	1141
09/15/2022 09:15	5807	677	5011	1210	1139
09/15/2022 09:20	5798	708	4939	1207	1140
09/15/2022 09:25	5781	747	4930	1201	1140
09/15/2022 09:30	5798	785	4971	1205	1134
09/15/2022 09:35	5760	795	5004	1203	1137
09/15/2022 09:40	5787	808	5005	1206	1138
09/15/2022 09:45	5791	810	5011	1207	1138
09/15/2022 09:50	5812	825	5087	1206	1138
09/15/2022 09:55	5895	820	5188	1205	1137
09/15/2022 10:00	5895	829	5298	1205	1137
09/15/2022 10:05	5799	834	5273	1202	1137
09/15/2022 10:10	5894	831	5317	1205	1138
09/15/2022 10:15	5924	813	5326	1211	1137
09/15/2022 10:20	5919	788	5354	1210	1138
09/15/2022 10:25	5870	757	5361	1211	1136
09/15/2022 10:30	5923	714	5365	1213	1134
09/15/2022 10:35	5867	719	5268	1212	1137
09/15/2022 10:40	5939	706	5303	1211	1136
09/15/2022 10:45	5955	703	5334	1213	1135
09/15/2022 10:50	5928	681	5354	1214	1135
09/15/2022 10:55	5903	667	5323	1208	1136
09/15/2022 11:00	5918	669	5303	1210	1134
09/15/2022 11:05	5931	650	5351	1211	1137
09/15/2022 11:10	5959	643	5395	1211	1136
09/15/2022 11:15	5945	661	5400	1212	1130
09/15/2022 11:20	5858	667	5343	1215	1137
09/15/2022 11:25	5955	643	5422	1210	1134
09/15/2022 11:30	5894	632	5521	1213	1133
09/15/2022 11:35	5963	607	5474	1212	1134
09/15/2022 11:40	5907	616	5428	1210	1135
09/15/2022 11:45	5961	614	5406	1207	1131
09/15/2022 11:50	5963	627	5435	1211	1132
09/15/2022 11:55	5990	653	5366	1213	1134
09/15/2022 12:00	5998	629	5347	1217	1135
09/15/2022 12:05	5936	643	5431	1217	1134
09/15/2022 12:10	5904	642	5454	1216	1132
09/15/2022 12:15	6026	625	5491	1214	1134
09/15/2022 12:20	6015	638	5490	1219	1133
09/15/2022 12:25	5934	619	5566	1215	1134
09/15/2022 12:30	5993	606	5530	1214	1132
09/15/2022 12:35	6010	586	5573	1216	1131
09/15/2022 12:40	6015	613	5617	1213	1131
09/15/2022 12:45	6039	611	5614	1209	1134
09/15/2022 12:50	6050	613	5603	1210	1132
09/15/2022 12:55	5958	592	5526	1215	1131
09/15/2022 13:00	6013	590	5509	1213	1131
09/15/2022 13:05	6019	595	5531	1211	1131
09/15/2022 13:10	6056	582	5546	1211	1132
09/15/2022 13:15	5977	618	5535	1210	1134
09/15/2022 13:20	6048	611	5551	1208	1130
09/15/2022 13:25	6069	645	5537	1208	1132
09/15/2022 13:30	6078	635	5584	1213	1131
09/15/2022 13:35	6068	616	5533	1214	1133
09/15/2022 13:40	6001	651	5523	1216	1132
09/15/2022 13:45	5976	620	5541	1217	1132
09/15/2022 13:50	6050	618	5566	1213	1132
09/15/2022 13:55	6087	655	5541	1210	1131
09/15/2022 14:00	6076	677	5571	1212	1132
09/15/2022 14:05	6082	657	5614	1206	1131
09/15/2022 14:10	6073	646	5606	1206	1131
09/15/2022 14:15	6080	651	5644	1212	1127
09/15/2022 14:20	6114	661	5625	1210	1132
09/15/2022 14:25	6082	612	5612	1212	1130
09/15/2022 14:30	6000	630	5622	1209	1129
09/15/2022 14:35	6065	627	5611	1212	1132
09/15/2022 14:40	6073	609	5628	1207	1131
09/15/2022 14:45	6084	589	5645	1205	1132
09/15/2022 14:50	5988	593	5656	1207	1131
09/15/2022 14:55	6046	583	5656	1203	1132
09/15/2022 15:00	6102	594	5674	1208	1130
09/15/2022 15:05	6091	602	5698	1202	1130
09/15/2022 15:10	6121	618	5726	1204	1132
09/15/2022 15:15	6049	594	5776	1205	1132
09/15/2022 15:20	6038	614	5765	1203	1132
09/15/2022 15:25	6106	626	5757	1203	1131
09/15/2022 15:30	6095	659	5717	1200	1131
09/15/2022 15:35	6074	641	5658	1203	1131
09/15/2022 15:40	6026	670	5647	1205	1126
09/15/2022 15:45	6120	678	5651	1201	1133
09/15/2022 15:50	6104	684	5665	1201	1131
09/15/2022 15:55	6165	694	5766	1197	1130
09/15/2022 16:00	6150	714	5970	1201	1131
09/15/2022 16:05	6072	719	6099	1204	1132
09/15/2022 16:10	6101	753	6160	1202	1131
09/15/2022 16:15	6175	773	6194	1206	1131
09/15/2022 16:20	6123	751	6228	1207	1131
09/15/2022 16:25	6212	785	6317	1206	1129
09/15/2022 16:30	6190	792	6341	1203	1131
09/15/2022 16:35	6207	794	6323	1206	1128
09/15/2022 16:40	6204	848	6342	1208	1132
09/15/2022 16:45	6260	881	6299	1204	1131
09/15/2022 16:50	6307	886	6319	1207	1132
09/15/2022 16:55	6183	942	6342	1205	1132
09/15/2022 17:00	6184	936	6493	1204	1128
09/15/2022 17:05	6203	1002	6333	1203	1127
09/15/2022 17:10	6274	990	6404	1199	1131
09/15/2022 17:15	6304	1012	6423	1204	1131
09/15/2022 17:20	6290	1039	6540	1206	1130
09/15/2022 17:25	6233	1074	6580	1202	1132
09/15/2022 17:30	6291	1114	6578	1205	1131
09/15/2022 17:35	6306	1138	6588	1202	1130
09/15/2022 17:40	6293	1170	6588	1201	1132
09/15/2022 17:45	6340	1199	6553	1203	1132
09/15/2022 17:50	6240	1202	6523	1203	1131
09/15/2022 17:55	6258	1214	6459	1203	1126
09/15/2022 18:00	6332	1248	6402	1201	1134
09/15/2022 18:05	6232	1264	6387	1203	1132
09/15/2022 18:10	6274	1292	6402	1200	1131
09/15/2022 18:15	6214	1310	6403	1204	1130
09/15/2022 18:20	6249	1328	6460	1202	1132
09/15/2022 18:25	6244	1337	6487	1204	1133
09/15/2022 18:30	6249	1329	6462	1204	1133
09/15/2022 18:35	6234	1335	6411	1209	1131
09/15/2022 18:40	6161	1330	6427	1203	1129
09/15/2022 18:45	6151	1324	6412	1202	1132
09/15/2022 18:50	6221	1340	6418	1204	1134
09/15/2022 18:55	6227	1385	6434	1210	1133
09/15/2022 19:00	6165	1405	6391	1211	1128
09/15/2022 19:05	6217	1425	6397	1207	1132
09/15/2022 19:10	6223	1452	6479	1207	1133
09/15/2022 19:15	6238	1495	6495	1206	1135
09/15/2022 19:20	6229	1488	6470	1210	1128
09/15/2022 19:25	6184	1513	6382	1208	1134
09/15/2022 19:30	6199	1524	6379	1208	1135
09/15/2022 19:35	6265	1545	6408	1208	1135
09/15/2022 19:40	6269	1547	6406	1207	1135
09/15/2022 19:45	6259	1573	6441	1209	1134
09/15/2022 19:50	6186	1587	6411	1205	1134
09/15/2022 19:55	6267	1586	6316	1204	1135
09/15/2022 20:00	6278	1570	6217	1204	1134
09/15/2022 20:05	6247	1571	6233	1206	1129
09/15/2022 20:10	6212	1552	6136	1208	1134
09/15/2022 20:15	6115	1562	6052	1204	1134
09/15/2022 20:20	6114	1562	6020	1204	1136
09/15/2022 20:25	6070	1552	6007	1207	1135
09/15/2022 20:30	6084	1544	5947	1207	1134
09/15/2022 20:35	6116	1545	5938	1206	1134
09/15/2022 20:40	6038	1559	5948	1203	1135
09/15/2022 20:45	6081	1541	5980	1210	1136
09/15/2022 20:50	6085	1544	5977	1213	1136
09/15/2022 20:55	6034	1542	5921	1209	1136
09/15/2022 21:00	5992	1532	5748	1209	1136
09/15/2022 21:05	5995	1531	5731	1209	1137
09/15/2022 21:10	5956	1528	5744	1205	1131
09/15/2022 21:15	5849	1530	5583	1214	1131
09/15/2022 21:20	5829	1536	5557	1209	1137
09/15/2022 21:25	5856	1549	5536	1205	1139
09/15/2022 21:30	5846	1536	5546	1206	1135
09/15/2022 21:35	5798	1554	5528	1206	1137
09/15/2022 21:40	5797	1555	5561	1207	1137
09/15/2022 21:45	5768	1561	5581	1202	1137
09/15/2022 21:50	5728	1600	5535	1204	1137
09/15/2022 21:55	5669	1604	5409	1181	1137
09/15/2022 22:00	5560	1634	5266	1162	1135
09/15/2022 22:05	5544	1641	5208	1139	1137
09/15/2022 22:10	5595	1653	5158	1116	1137
09/15/2022 22:15	5542	1659	5148	1116	1137
09/15/2022 22:20	5542	1663	5191	1115	1136
09/15/2022 22:25	5443	1668	5180	1113	1137
09/15/2022 22:30	5503	1664	5154	1118	1136
09/15/2022 22:35	5478	1655	5143	1120	1137
09/15/2022 22:40	5414	1634	5106	1119	1133
09/15/2022 22:45	5418	1637	5101	1117	1136
09/15/2022 22:50	5295	1605	5055	1117	1137
09/15/2022 22:55	5254	1606	4909	1119	1133
09/15/2022 23:00	5227	1584	4752	1116	1130
09/15/2022 23:05	5209	1561	4523	1117	1135
09/15/2022 23:10	5185	1535	4415	1116	1136
09/15/2022 23:15	5209	1516	4354	1117	1135
09/15/2022 23:20	5195	1489	4320	1118	1134
09/15/2022 23:25	5161	1480	4328	1114	1137
09/15/2022 23:30	5149	1482	4315	1116	1137
09/15/2022 23:35	5107	1449	4202	1118	1136
09/15/2022 23:40	5078	1433	4196	1118	1131
09/15/2022 23:45	5076	1407	4180	1119	1134
09/15/2022 23:50	5026	1382	4183	1119	1134
09/15/2022 23:55	4952	1357	4162	1115	1135
09/16/2022 00:00	4928	1335	4202	1113	1137
09/16/2022 00:05	4978	1329	4286	1110	1135
09/16/2022 00:10	4956	1348	4302	1113	1136
09/16/2022 00:15	4904	1356	4313	1109	1138
09/16/2022 00:20	4863	1393	4292	1112	1137
09/16/2022 00:25	4916	1408	4258	1114	1137
09/16/2022 00:30	4900	1431	4272	1116	1138
09/16/2022 00:35	4874	1434	4220	1111	1138
09/16/2022 00:40	4864	1450	4216	1113	1138
09/16/2022 00:45	4770	1472	4207	1112	1135
09/16/2022 00:50	4757	1499	4163	1113	1137
09/16/2022 00:55	4762	1507	4046	1116	1137
09/16/2022 01:00	4831	1566	4042	1117	1137
09/16/2022 01:05	4731	1575	3987	1116	1140
09/16/2022 01:10	4819	1597	4035	1115	1138
09/16/2022 01:15	4703	1598	4065	1116	1133
09/16/2022 01:20	4779	1591	4075	1119	1140
09/16/2022 01:25	4772	1579	4024	1115	1140
09/16/2022 01:30	4735	1554	4032	1115	1141
09/16/2022 01:35	4768	1549	4023	1119	1140
09/16/2022 01:40	4661	1530	4004	1118	1140
09/16/2022 01:45	4673	1522	4014	1120	1141
09/16/2022 01:50	4734	1520	4012	1116	1139
09/16/2022 01:55	4727	1527	4055	1119	1140
09/16/2022 02:00	4738	1547	4080	1117	1136
09/16/2022 02:05	4660	1543	4055	1118	1140
09/16/2022 02:10	4691	1550	4029	1120	1140
09/16/2022 02:15	4730	1557	4024	1117	1140
09/16/2022 02:20	4693	1529	4040	1118	1140
09/16/2022 02:25	4694	1499	4021	1115	1140
09/16/2022 02:30	4623	1484	4001	1113	1141
09/16/2022 02:35	4611	1475	4010	1112	1140
09/16/2022 02:40	4708	1479	4021	1090	1136
09/16/2022 02:45	4668	1502	4026	1091	1140
09/16/2022 02:50	4605	1498	4012	1089	1140
09/16/2022 02:55	4666	1503	4008	1088	1140
09/16/2022 03:00	4671	1527	4038	1090	1140
09/16/2022 03:05	4675	1533	4052	1087	1141
09/16/2022 03:10	4681	1514	4066	1087	1141
09/16/2022 03:15	4615	1503	4050	1085	1137
09/16/2022 03:20	4603	1522	4052	1082	1137
09/16/2022 03:25	4663	1543	4034	1085	1140
09/16/2022 03:30	4660	1575	4015	1089	1141
09/16/2022 03:35	4684	1589	4017	1091	1140
09/16/2022 03:40	4673	1604	3996	1089	1139
09/16/2022 03:45	4669	1590	4012	1090	1134
09/16/2022 03:50	4675	1579	4000	1090	1139
09/16/2022 03:55	4701	1568	4055	1088	1134
09/16/2022 04:00	4691	1554	4063	1090	1139
09/16/2022 04:05	4643	1549	4123	1088	1140
09/16/2022 04:10	4683	1531	4146	1091	1137
09/16/2022 04:15	4666	1533	4146	1096	1139
09/16/2022 04:20	4671	1510	4141	1096	1140
09/16/2022 04:25	4753	1496	4138	1096	1134
09/16/2022 04:30	4760	1480	4134	1101	1140
09/16/2022 04:35	4729	1470	4111	1102	1140
09/16/2022 04:40	4764	1455	4146	1106	1142
09/16/2022 04:45	4792	1424	4170	1112	1139
09/16/2022 04:50	4810	1420	4175	1110	1142
09/16/2022 04:55	4733	1410	4192	1118	1140
09/16/2022 05:00	4825	1386	4256	1120	1141
09/16/2022 05:05	4816	1395	4396	1121	1140
09/16/2022 05:10	4942	1372	4491	1123	1139
09/16/2022 05:15	4885	1349	4612	1121	1140
09/16/2022 05:20	4972	1354	4553	1125	1137
09/16/2022 05:25	4992	1358	4556	1132	1140
09/16/2022 05:30	5015	1378	4559	1123	1136
09/16/2022 05:35	5050	1403	4569	1126	1140
09/16/2022 05:40	5005	1406	4583	1127	1140
09/16/2022 05:45	5031	1417	4579	1123	1141
09/16/2022 05:50	5133	1432	4542	1126	1139
09/16/2022 05:55	5193	1445	4612	1124	1139
09/16/2022 06:00	5246	1459	4837	1122	1137
09/16/2022 06:05	5320	1496	4937	1114	1140
09/16/2022 06:10	5401	1506	5083	1108	1140
09/16/2022 06:15	5406	1512	5143	1108	1140
09/16/2022 06:20	5377	1544	5177	1109	1140
09/16/2022 06:25	5404	1553	5092	1106	1140
09/16/2022 06:30	5423	1554	5193	1111	1141
09/16/2022 06:35	5457	1548	5157	1109	1140
09/16/2022 06:40	5559	1539	5163	1110	1140
09/16/2022 06:45	5578	1541	5182	1115	1140
09/16/2022 06:50	5506	1556	5150	1109	1140
09/16/2022 06:55	5534	1549	5152	1111	1140
09/16/2022 07:00	5572	1542	5246	1110	1141
09/16/2022 07:05	5671	1545	5405	1084	1140
09/16/2022 07:10	5708	1555	5545	1081	1140
09/16/2022 07:15	5679	1560	5587	1079	1140
09/16/2022 07:20	5788	1570	5564	1078	1140
09/16/2022 07:25	5785	1586	5582	1081	1140
09/16/2022 07:30	5788	1628	5485	1076	1141
09/16/2022 07:35	5786	1665	5432	1078	1143
09/16/2022 07:40	5737	1698	5307	1079	1140
09/16/2022 07:45	5736	1728	5312	1081	1140
09/16/2022 07:50	5781	1723	5339	1081	1140
09/16/2022 07:55	5806	1726	5407	1082	1140
09/16/2022 08:00	5750	1709	5515	1079	1140
09/16/2022 08:05	5822	1747	5673	1079	1135
09/16/2022 08:10	5864	1754	5620	1076	1140
09/16/2022 08:15	5843	1792	5594	1080	1140
09/16/2022 08:20	5866	1821	5603	1079	1140
09/16/2022 08:25	5776	1855	5491	1080	1140
09/16/2022 08:30	5827	1862	5495	1078	1135
09/16/2022 08:35	5843	1864	5545	1078	1140
09/16/2022 08:40	5857	1888	5547	1078	1135
09/16/2022 08:45	5803	1902	5526	1075	1140
09/16/2022 08:50	5860	1914	5557	1078	1140
09/16/2022 08:55	5894	1921	5580	1078	1139
09/16/2022 09:00	5899	1935	5561	1076	1138
09/16/2022 09:05	5906	1960	5604	1079	1140
09/16/2022 09:10	5798	1986	5451	1078	1136
09/16/2022 09:15	5925	2001	5448	1081	1134
09/16/2022 09:20	5903	2029	5413	1079	1134
09/16/2022 09:25	5940	2034	5440	1079	1139
09/16/2022 09:30	5919	2018	5441	1079	1134
09/16/2022 09:35	5919	2071	5454	1081	1137
09/16/2022 09:40	5938	2095	5441	1077	1138
09/16/2022 09:45	5940	2121	5439	1077	1138
09/16/2022 09:50	5931	2168	5438	1074	1138
09/16/2022 09:55	5875	2224	5370	1077	1138
09/16/2022 10:00	5920	2333	5295	1076	1138
09/16/2022 10:05	5931	2364	5237	1077	1137
09/16/2022 10:10	5947	2410	5289	1072	1138
09/16/2022 10:15	5876	2430	5313	1074	1137
09/16/2022 10:20	5952	2453	5328	1073	1137
09/16/2022 10:25	5950	2458	5343	1075	1134
09/16/2022 10:30	5971	2481	5352	1076	1138
09/16/2022 10:35	5899	2495	5368	1075	1137
09/16/2022 10:40	5871	2482	5380	1075	1137
09/16/2022 10:45	5965	2511	5408	1076	1134
09/16/2022 10:50	5980	2501	5456	1077	1131
09/16/2022 10:55	5994	2491	5470	1074	1137
09/16/2022 11:00	5958	2497	5291	1076	1136
09/16/2022 11:05	5974	2474	5317	1074	1137
09/16/2022 11:10	5973	2443	5279	1077	1136
09/16/2022 11:15	6003	2405	5288	1073	1136
09/16/2022 11:20	6015	2358	5262	1075	1137
09/16/2022 11:25	5928	2319	5273	1074	1135
09/16/2022 11:30	5922	2285	5264	1076	1135
09/16/2022 11:35	6001	2302	5282	1074	1136
09/16/2022 11:40	5990	2309	5292	1073	1136
09/16/2022 11:45	5883	2263	5265	1073	1135
09/16/2022 11:50	5997	2281	5304	1074	1133
09/16/2022 11:55	5986	2260	5371	1078	1135
09/16/2022 12:00	5980	2219	5413	1076	1137
09/16/2022 12:05	5868	2243	5427	1080	1135
09/16/2022 12:10	5955	2228	5379	1076	1135
09/16/2022 12:15	5969	2234	5389	1078	1131
09/16/2022 12:20	5856	2168	5387	1077	1137
09/16/2022 12:25	5869	2139	5377	1072	1135
09/16/2022 12:30	5879	2104	5347	1075	1130
09/16/2022 12:35	5906	2159	5386	1075	1136
09/16/2022 12:40	5888	2130	5359	1076	1134
09/16/2022 12:45	5901	2146	5394	1075	1136
09/16/2022 12:50	5883	2186	5344	1078	1134
09/16/2022 12:55	5880	2134	5418	1077	1130
09/16/2022 13:00	5918	2185	5403	1073	1135
09/16/2022 13:05	5890	2166	5327	1074	1134
09/16/2022 13:10	5915	2208	5341	1072	1135
09/16/2022 13:15	5925	2173	5367	1073	1134
09/16/2022 13:20	5880	2134	5349	1074	1134
09/16/2022 13:25	5876	2149	5422	1074	1135
09/16/2022 13:30	5872	2151	5390	1072	1135
09/16/2022 13:35	5892	2153	5453	1072	1136
09/16/2022 13:40	5892	2176	5456	1072	1132
09/16/2022 13:45	5919	2171	5435	1070	1132
09/16/2022 13:50	5882	2175	5418	1071	1134
09/16/2022 13:55	5904	2170	5380	1073	1134
09/16/2022 14:00	5884	2147	5373	1073	1134
09/16/2022 14:05	5911	2215	5355	1078	1130
09/16/2022 14:10	5912	2190	5347	1076	1134
09/16/2022 14:15	5916	2205	5351	1072	1133
09/16/2022 14:20	5878	2199	5344	1075	1133
09/16/2022 14:25	5886	2199	5327	1077	1134
09/16/2022 14:30	5866	2216	5366	1074	1132
09/16/2022 14:35	5871	2214	5356	1074	1134
09/16/2022 14:40	5869	2211	5355	1074	1135
09/16/2022 14:45	5878	2195	5388	1072	1136
09/16/2022 14:50	5881	2205	5392	1076	1137
09/16/2022 14:55	5878	2200	5387	1073	1136
09/16/2022 15:00	5863	2176	5325	1075	1134
09/16/2022 15:05	5876	2217	5319	1078	1130
09/16/2022 15:10	5877	2196	5385	1072	1134
09/16/2022 15:15	5874	2211	5340	1071	1132
09/16/2022 15:20	5896	2199	5348	1073	1133
09/16/2022 15:25	5891	2227	5334	1072	1134
09/16/2022 15:30	5883	2213	5354	1073	1135
09/16/2022 15:35	5875	2201	5334	1071	1130
09/16/2022 15:40	5879	2234	5361	1069	1132
09/16/2022 15:45	5893	2209	5357	1071	1134
09/16/2022 15:50	5888	2225	5388	1074	1136
09/16/2022 15:55	5900	2201	5447	1075	1134
09/16/2022 16:00	5903	2203	5524	1076	1136
09/16/2022 16:05	5898	2229	5591	1072	1137
09/16/2022 16:10	5921	2238	5659	1076	1137
09/16/2022 16:15	5919	2235	5695	1071	1137
09/16/2022 16:20	5933	2244	5754	1071	1137
09/16/2022 16:25	5918	2232	5789	1072	1133
09/16/2022 16:30	5928	2212	5811	1070	1138
09/16/2022 16:35	5936	2207	5788	1071	1134
09/16/2022 16:40	5948	2212	5780	1072	1137
09/16/2022 16:45	5935	2200	5824	1072	1134
09/16/2022 16:50	5931	2215	5831	1073	1135
09/16/2022 16:55	5944	2159	5828	1071	1134
09/16/2022 17:00	5945	2195	5834	1074	1136
09/16/2022 17:05	5958	2167	5845	1074	1135
09/16/2022 17:10	5936	2162	5916	1073	1131
09/16/2022 17:15	5950	2143	5942	1072	1135
09/16/2022 17:20	5951	2117	5936	1073	1135
09/16/2022 17:25	5922	2124	5946	1073	1136
09/16/2022 17:30	5974	2093	5950	1074	1135
09/16/2022 17:35	5947	2052	5901	1079	1135
09/16/2022 17:40	5947	2045	5904	1079	1134
09/16/2022 17:45	5951	2021	5940	1076	1136
09/16/2022 17:50	5946	2015	5934	1077	1131
09/16/2022 17:55	5947	1981	6005	1077	1134
09/16/2022 18:00	5953	1960	6063	1077	1129
09/16/2022 18:05	5933	1930	6028	1073	1134
09/16/2022 18:10	5928	1917	6059	1075	1130
09/16/2022 18:15	5936	1885	6085	1078	1130
09/16/2022 18:20	5894	1856	6101	1076	1131
09/16/2022 18:25	5911	1839	6104	1074	1131
09/16/2022 18:30	5895	1836	6063	1075	1135
09/16/2022 18:35	5864	1807	6056	1074	1131
09/16/2022 18:40	5848	1793	6063	1074	1136
09/16/2022 18:45	5874	1790	6052	1073	1135
09/16/2022 18:50	5884	1793	6070	1072	1134
09/16/2022 18:55	5826	1787	6039	1071	1134
09/16/2022 19:00	5838	1763	5997	1072	1136
09/16/2022 19:05	5858	1750	5996	1072	1137
09/16/2022 19:10	5825	1750	5984	1075	1135
09/16/2022 19:15	5831	1715	6076	1076	1140
09/16/2022 19:20	5886	1706	6056	1071	1137
09/16/2022 19:25	5847	1660	6049	1072	1138
09/16/2022 19:30	5852	1666	6071	1075	1133
09/16/2022 19:35	5868	1653	6071	1071	1134
09/16/2022 19:40	5856	1654	6074	1077	1135
09/16/2022 19:45	5874	1630	6054	1072	1135
09/16/2022 19:50	5882	1632	6011	1072	1140
09/16/2022 19:55	5857	1591	6062	1081	1136
09/16/2022 20:00	5844	1577	5909	1076	1139
09/16/2022 20:05	5808	1542	5876	1080	1137
09/16/2022 20:10	5813	1541	5676	1078	1140
09/16/2022 20:15	5781	1528	5559	1079	1141
09/16/2022 20:20	5790	1534	5582	1074	1142
09/16/2022 20:25	5757	1481	5620	1075	1141
09/16/2022 20:30	5745	1447	5633	1077	1142
09/16/2022 20:35	5730	1423	5660	1079	1137
09/16/2022 20:40	5683	1399	5668	1077	1141
09/16/2022 20:45	5712	1392	5718	1075	1142
09/16/2022 20:50	5678	1377	5696	1073	1143
09/16/2022 20:55	5661	1357	5692	1074	1142
09/16/2022 21:00	5633	1333	5588	1074	1142
09/16/2022 21:05	5611	1317	5522	1075	1140
09/16/2022 21:10	5589	1281	5488	1076	1142
09/16/2022 21:15	5555	1247	5481	1074	1142
09/16/2022 21:20	5559	1230	5471	1074	1139
09/16/2022 21:25	5542	1204	5470	1074	1143
09/16/2022 21:30	5509	1175	5478	1075	1144
09/16/2022 21:35	5459	1152	5491	1075	1137
09/16/2022 21:40	5423	1123	5464	1077	1140
09/16/2022 21:45	5408	1090	5472	1077	1143
09/16/2022 21:50	5409	1063	5456	1080	1142
09/16/2022 21:55	5363	1051	5409	1080	1143
09/16/2022 22:00	5337	1026	5238	1079	1144
09/16/2022 22:05	5307	1004	5042	1083	1143
09/16/2022 22:10	5298	964	4855	1082	1141
09/16/2022 22:15	5246	943	4840	1083	1145
09/16/2022 22:20	5225	926	4833	1084	1146
09/16/2022 22:25	5201	910	4810	1084	1140
09/16/2022 22:30	5217	902	4878	1083	1146
09/16/2022 22:35	5149	887	4861	1080	1145
09/16/2022 22:40	5137	872	4855	1086	1140
09/16/2022 22:45	5085	858	4854	1085	1140
09/16/2022 22:50	5057	845	4811	1084	1145
09/16/2022 22:55	5097	813	4840	1084	1145
09/16/2022 23:00	5026	781	4777	1083	1144
09/16/2022 23:05	5028	761	4779	1084	1144
09/16/2022 23:10	5005	727	4702	1090	1145
09/16/2022 23:15	4960	707	4706	1085	1144
09/16/2022 23:20	4920	700	4662	1086	1145
09/16/2022 23:25	4924	704	4605	1089	1139
09/16/2022 23:30	4894	686	4665	1089	1144
09/16/2022 23:35	4925	684	4579	1090	1145
09/16/2022 23:40	4849	695	4572	1088	1140
09/16/2022 23:45	4843	688	4556	1089	1144
09/16/2022 23:50	4810	681	4573	1088	1139
09/16/2022 23:55	4775	670	4507	1091	1145
09/17/2022 00:00	4775	649	4431	1088	1143
09/17/2022 00:05	4763	639	4361	1081	1140
09/17/2022 00:10	4746	615	4333	1082	1145
09/17/2022 00:15	4732	593	4343	1083	1143
09/17/2022 00:20	4710	572	4362	1080	1143
09/17/2022 00:25	4727	563	4305	1081	1145
09/17/2022 00:30	4683	543	4298	1084	1143
09/17/2022 00:35	4680	536	4315	1083	1140
09/17/2022 00:40	4672	517	4327	1084	1143
09/17/2022 00:45	4635	512	4319	1083	1145
09/17/2022 00:50	4620	496	4285	1079	1140
09/17/2022 00:55	4634	486	4291	1082	1142
09/17/2022 01:00	4633	471	4310	1081	1146
09/17/2022 01:05	4625	455	4283	1080	1146
09/17/2022 01:10	4604	452	4275	1083	1147
09/17/2022 01:15	4603	460	4244	1082	1141
09/17/2022 01:20	4587	466	4253	1083	1146
09/17/2022 01:25	4590	466	4255	1081	1149
09/17/2022 01:30	4560	478	4239	1081	1147
09/17/2022 01:35	4554	476	4202	1083	1149
09/17/2022 01:40	4556	461	4197	1083	1147
09/17/2022 01:45	4550	440	4174	1082	1149
09/17/2022 01:50	4543	436	4163	1084	1148
09/17/2022 01:55	4530	430	4168	1086	1149
09/17/2022 02:00	4527	414	4156	1084	1147
09/17/2022 02:05	4523	402	4179	1081	1150
09/17/2022 02:10	4515	393	4162	1084	1148
09/17/2022 02:15	4490	382	4154	1083	1149
09/17/2022 02:20	4495	377	4143	1085	1150
09/17/2022 02:25	4472	365	4150	1084	1143
09/17/2022 02:30	4488	369	4146	1086	1149
09/17/2022 02:35	4492	359	4130	1082	1147
09/17/2022 02:40	4477	341	4149	1083	1149
09/17/2022 02:45	4475	328	4165	1084	1143
09/17/2022 02:50	4478	322	4165	1084	1149
09/17/2022 02:55	4476	303	4121	1086	1148
09/17/2022 03:00	4488	281	4108	1086	1144
09/17/2022 03:05	4451	266	4137	1080	1151
09/17/2022 03:10	4487	250	4120	1083	1149
09/17/2022 03:15	4458	235	4117	1080	1152
09/17/2022 03:20	4474	227	4123	1083	1149
09/17/2022 03:25	4455	215	4116	1080	1149
09/17/2022 03:30	4450	209	4111	1081	1149
09/17/2022 03:35	4458	203	4116	1081	1149
09/17/2022 03:40	4473	201	4132	1083	1151
09/17/2022 03:45	4483	203	4135	1084	1152
09/17/2022 03:50	4440	202	4129	1083	1150
09/17/2022 03:55	4480	193	4091	1087	1152
09/17/2022 04:00	4468	182	4109	1089	1151
09/17/2022 04:05	4481	173	4155	1086	1152
09/17/2022 04:10	4509	155	4141	1084	1152
09/17/2022 04:15	4481	138	4201	1084	1152
09/17/2022 04:20	4499	123	4189	1084	1152
09/17/2022 04:25	4499	107	4150	1082	1152
09/17/2022 04:30	4492	93	4144	1085	1147
09/17/2022 04:35	4511	75	4152	1081	1152
09/17/2022 04:40	4504	65	4150	1082	1152
09/17/2022 04:45	4564	59	4149	1083	1152
09/17/2022 04:50	4522	56	4159	1083	1152
09/17/2022 04:55	4530	50	4255	1086	1146
09/17/2022 05:00	4574	46	4322	1085	1148
09/17/2022 05:05	4584	42	4429	1085	1150
09/17/2022 05:10	4623	36	4440	1082	1152
09/17/2022 05:15	4638	28	4469	1086	1152
09/17/2022 05:20	4617	23	4455	1083	1152
09/17/2022 05:25	4613	19	4447	1084	1152
09/17/2022 05:30	4668	20	4439	1080	1152
09/17/2022 05:35	4641	20	4472	1082	1152
09/17/2022 05:40	4666	18	4471	1081	1152
09/17/2022 05:45	4659	17	4489	1079	1152
09/17/2022 05:50	4684	17	4497	1083	1149
09/17/2022 05:55	4737	15	4554	1079	1152
09/17/2022 06:00	4711	14	4828	1076	1152
09/17/2022 06:05	4783	15	5062	1076	1148
09/17/2022 06:10	4782	15	5173	1072	1152
09/17/2022 06:15	4806	14	5263	1074	1149
09/17/2022 06:20	4819	13	5297	1073	1152
09/17/2022 06:25	4825	13	5334	1072	1152
09/17/2022 06:30	4867	11	5293	1072	1152
09/17/2022 06:35	4898	11	5324	1067	1152
09/17/2022 06:40	4891	8	5253	1076	1152
09/17/2022 06:45	4933	6	5239	1073	1152
09/17/2022 06:50	4966	5	5265	1072	1153
09/17/2022 06:55	4940	6	5226	1076	1153
09/17/2022 07:00	4970	8	5295	1071	1153
09/17/2022 07:05	5026	11	5439	1077	1153
09/17/2022 07:10	5056	13	5502	1068	1153
09/17/2022 07:15	5050	15	5523	1071	1152
09/17/2022 07:20	5091	18	5525	1067	1149
09/17/2022 07:25	5113	19	5532	1074	1148
09/17/2022 07:30	5140	27	5488	1071	1154
09/17/2022 07:35	5176	34	5492	1067	1149
09/17/2022 07:40	5192	39	5462	1069	1149
09/17/2022 07:45	5202	44	5452	1075	1152
09/17/2022 07:50	5216	45	5414	1075	1152
09/17/2022 07:55	5256	53	5418	1073	1152
09/17/2022 08:00	5263	60	5569	1072	1146
09/17/2022 08:05	5294	65	5607	1071	1113
09/17/2022 08:10	5318	69	5629	1066	1067
09/17/2022 08:15	5338	70	5686	1066	1030
09/17/2022 08:20	5351	83	5708	1067	992
09/17/2022 08:25	5371	93	5778	1067	956
09/17/2022 08:30	5373	104	5779	1068	909
09/17/2022 08:35	5381	109	5756	1067	919
09/17/2022 08:40	5393	114	5771	1068	910
09/17/2022 08:45	5417	106	5773	1069	912
09/17/2022 08:50	5439	124	5802	1067	917
09/17/2022 08:55	5446	124	5929	1066	936
09/17/2022 09:00	5445	119	5897	1063	942
09/17/2022 09:05	5452	124	5833	1066	938
09/17/2022 09:10	5474	129	5865	1066	935
09/17/2022 09:15	5482	126	5834	1066	935
09/17/2022 09:20	5455	122	5850	1069	916
09/17/2022 09:25	5475	127	5871	1065	913
09/17/2022 09:30	5476	132	5878	1065	939
09/17/2022 09:35	5465	124	5911	1062	940
09/17/2022 09:40	5499	113	5981	1066	936
09/17/2022 09:45	5478	123	5878	1065	918
09/17/2022 09:50	5468	132	5906	1066	942
09/17/2022 09:55	5468	136	5894	1068	936
09/17/2022 10:00	5471	137	5878	1063	921
09/17/2022 10:05	5471	138	5886	1065	935
09/17/2022 10:10	5496	141	5887	1065	948
09/17/2022 10:15	5469	140	5948	1067	951
09/17/2022 10:20	5488	150	5870	1066	971
09/17/2022 10:25	5467	152	5905	1064	928
09/17/2022 10:30	5493	159	5906	1062	924
09/17/2022 10:35	5474	167	5991	1065	918
09/17/2022 10:40	5478	174	5917	1061	924
09/17/2022 10:45	5468	181	5947	1064	923
09/17/2022 10:50	5467	186	5920	1064	920
09/17/2022 10:55	5457	194	5836	1062	917
09/17/2022 11:00	5454	216	5836	1060	922
09/17/2022 11:05	5456	222	5787	1059	922
09/17/2022 11:10	5450	226	5865	1062	916
09/17/2022 11:15	5445	234	5932	1061	928
09/17/2022 11:20	5450	244	5865	1058	954
09/17/2022 11:25	5449	259	5814	1059	973
09/17/2022 11:30	5440	264	5794	1058	982
09/17/2022 11:35	5414	292	5723	1056	987
09/17/2022 11:40	5432	305	5739	1059	1014
09/17/2022 11:45	5432	313	5774	1057	1034
09/17/2022 11:50	5420	325	5677	1061	1033
09/17/2022 11:55	5415	348	5687	1063	1030
09/17/2022 12:00	5405	340	5611	1067	963
09/17/2022 12:05	5402	350	5612	1068	998
09/17/2022 12:10	5419	359	5661	1065	1024
09/17/2022 12:15	5394	371	5643	1064	1023
09/17/2022 12:20	5408	413	5597	1067	1030
09/17/2022 12:25	5402	423	5548	1061	1029
09/17/2022 12:30	5395	446	5524	1065	1029
09/17/2022 12:35	5378	450	5524	1059	1026
09/17/2022 12:40	5398	467	5536	1060	1026
09/17/2022 12:45	5381	495	5495	1062	1031
09/17/2022 12:50	5390	521	5508	1061	1030
09/17/2022 12:55	5394	512	5505	1063	1031
09/17/2022 13:00	5380	502	5451	1062	1026
09/17/2022 13:05	5374	517	5418	1063	1031
09/17/2022 13:10	5361	498	5354	1060	1031
09/17/2022 13:15	5380	531	5325	1059	1032
09/17/2022 13:20	5362	511	5377	1060	1034
09/17/2022 13:25	5358	512	5384	1060	1033
09/17/2022 13:30	5360	526	5419	1055	1031
09/17/2022 13:35	5368	543	5356	1057	1032
09/17/2022 13:40	5376	547	5339	1059	1031
09/17/2022 13:45	5361	538	5313	1058	1029
09/17/2022 13:50	5344	555	5352	1057	1029
09/17/2022 13:55	5368	542	5371	1058	1032
09/17/2022 14:00	5358	573	5365	1058	1029
09/17/2022 14:05	5357	597	5303	1060	1033
09/17/2022 14:10	5347	596	5299	1059	1032
09/17/2022 14:15	5354	590	5307	1058	1034
09/17/2022 14:20	5374	589	5299	1060	1033
09/17/2022 14:25	5375	600	5335	1059	1035
09/17/2022 14:30	5334	571	5289	1057	1037
09/17/2022 14:35	5338	584	5316	1058	1000
09/17/2022 14:40	5352	629	5298	1058	955
09/17/2022 14:45	5330	620	5331	1056	1035
09/17/2022 14:50	5341	608	5278	1057	1037
09/17/2022 14:55	5318	644	5198	1058	1077
09/17/2022 15:00	5356	646	5309	1058	1079
09/17/2022 15:05	5350	642	5325	1058	1082
09/17/2022 15:10	5352	623	5437	1051	1082
09/17/2022 15:15	5363	629	5451	1057	1084
09/17/2022 15:20	5357	619	5373	1053	1084
09/17/2022 15:25	5371	606	5337	1061	1094
09/17/2022 15:30	5350	608	5365	1057	1092
09/17/2022 15:35	5361	609	5343	1062	1093
09/17/2022 15:40	5366	617	5413	1058	1086
09/17/2022 15:45	5373	632	5426	1063	1104
09/17/2022 15:50	5375	628	5448	1060	1105
09/17/2022 15:55	5391	658	5437	1058	1100
09/17/2022 16:00	5425	691	5577	1056	1101
09/17/2022 16:05	5404	645	5741	1060	1116
09/17/2022 16:10	5414	670	5990	1058	1113
09/17/2022 16:15	5410	673	5977	1060	1118
09/17/2022 16:20	5411	675	5967	1058	1114
09/17/2022 16:25	5408	677	5973	1058	1128
09/17/2022 16:30	5408	677	6000	1059	1130
09/17/2022 16:35	5446	707	5980	1060	1132
09/17/2022 16:40	5447	721	5948	1060	1132
09/17/2022 16:45	5456	729	5920	1059	1134
09/17/2022 16:50	5465	698	5997	1056	1135
09/17/2022 16:55	5450	654	6144	1055	1135
09/17/2022 17:00	5484	670	6018	1057	1134
09/17/2022 17:05	5490	677	6097	1057	1138
09/17/2022 17:10	5489	707	6088	1057	1139
09/17/2022 17:15	5460	788	6064	1057	1135
09/17/2022 17:20	5463	797	6039	1060	1140
09/17/2022 17:25	5502	790	6000	1059	1142
09/17/2022 17:30	5483	759	6063	1058	1142
09/17/2022 17:35	5518	773	6183	1062	1143
09/17/2022 17:40	5515	780	6209	1058	1141
09/17/2022 17:45	5497	821	6228	1062	1143
09/17/2022 17:50	5534	819	6219	1059	1143
09/17/2022 17:55	5496	802	6204	1058	1145
09/17/2022 18:00	5531	817	6312	1058	1143
09/17/2022 18:05	5511	791	6265	1060	1143
09/17/2022 18:10	5511	771	6310	1057	1140
09/17/2022 18:15	5502	765	6334	1057	1145
09/17/2022 18:20	5499	722	6355	1056	1140
09/17/2022 18:25	5506	674	6337	1059	1140
09/17/2022 18:30	5504	631	6372	1060	1147
09/17/2022 18:35	5508	603	6321	1059	1134
09/17/2022 18:40	5516	569	6312	1058	1141
09/17/2022 18:45	5534	577	6311	1059	1139
09/17/2022 18:50	5520	594	6301	1059	1136
09/17/2022 18:55	5536	592	6313	1058	1142
09/17/2022 19:00	5552	598	6260	1058	1137
09/17/2022 19:05	5583	627	6287	1059	1141
09/17/2022 19:10	5555	628	6309	1058	1140
09/17/2022 19:15	5573	642	6352	1061	1137
09/17/2022 19:20	5581	665	6311	1058	1141
09/17/2022 19:25	5591	679	6311	1060	1138
09/17/2022 19:30	5557	675	6304	1060	1144
09/17/2022 19:35	5615	683	6354	1058	1140
09/17/2022 19:40	5579	659	6304	1061	1143
09/17/2022 19:45	5583	592	6284	1059	1143
09/17/2022 19:50	5570	528	6330	1060	1143
09/17/2022 19:55	5559	442	6421	1058	1145
09/17/2022 20:00	5561	409	6368	1058	1145
09/17/2022 20:05	5558	380	6274	1058	1138
09/17/2022 20:10	5545	366	6158	1059	1142
09/17/2022 20:15	5535	352	6227	1062	1146
09/17/2022 20:20	5539	339	6238	1060	1139
09/17/2022 20:25	5520	287	6220	1062	1145
09/17/2022 20:30	5520	241	6197	1062	1146
09/17/2022 20:35	5529	213	6205	1059	1145
09/17/2022 20:40	5493	235	6135	1060	1140
09/17/2022 20:45	5470	299	6101	1062	1147
09/17/2022 20:50	5447	405	5994	1059	1142
09/17/2022 20:55	5401	545	5896	1058	1143
09/17/2022 21:00	5408	633	5734	1061	1148
09/17/2022 21:05	5416	602	5815	1059	1149
09/17/2022 21:10	5371	575	5789	1060	1145
09/17/2022 21:15	5367	485	5809	1061	1139
09/17/2022 21:20	5330	408	5858	1061	1146
09/17/2022 21:25	5328	366	5826	1063	1146
09/17/2022 21:30	5324	333	5810	1062	1146
09/17/2022 21:35	5323	294	5814	1064	1146
09/17/2022 21:40	5254	304	5757	1062	1147
09/17/2022 21:45	5259	333	5735	1062	1147
09/17/2022 21:50	5226	363	5651	1060	1141
09/17/2022 21:55	5203	389	5495	1065	1147
09/17/2022 22:00	5175	403	5149	1066	1143
09/17/2022 22:05	5182	395	4962	1068	1147
09/17/2022 22:10	5152	351	4860	1069	1146
09/17/2022 22:15	5155	303	4860	1066	1149
09/17/2022 22:20	5099	282	4854	1064	1149
09/17/2022 22:25	5076	292	4840	1065	1147
09/17/2022 22:30	5059	301	4807	1068	1150
09/17/2022 22:35	5033	279	4808	1074	1143
09/17/2022 22:40	5009	260	4811	1075	1147
09/17/2022 22:45	4984	257	4782	1075	1146
09/17/2022 22:50	4979	252	4804	1072	1146
09/17/2022 22:55	4948	218	4770	1071	1146
09/17/2022 23:00	4931	200	4705	1072	1141
09/17/2022 23:05	4914	173	4649	1072	1140
09/17/2022 23:10	4889	159	4618	1070	1145
09/17/2022 23:15	4861	142	4518	1071	1147
09/17/2022 23:20	4844	147	4488	1070	1146
09/17/2022 23:25	4836	147	4493	1072	1148
09/17/2022 23:30	4816	150	4488	1074	1146
09/17/2022 23:35	4812	186	4477	1072	1147
09/17/2022 23:40	4772	240	4429	1075	1146
09/17/2022 23:45	4745	242	4446	1075	1148
09/17/2022 23:50	4735	246	4435	1072	1144
09/17/2022 23:55	4734	262	4469	1073	1146
09/18/2022 00:00	4687	256	4495	1067	1146
09/18/2022 00:05	4701	243	4489	1065	1143
09/18/2022 00:10	4677	224	4429	1046	1143
09/18/2022 00:15	4663	220	4450	1048	1140
09/18/2022 00:20	4640	201	4430	1048	1147
09/18/2022 00:25	4640	197	4412	1050	1147
09/18/2022 00:30	4606	171	4398	1048	1147
09/18/2022 00:35	4636	186	4381	1050	1140
09/18/2022 00:40	4591	189	4405	1049	1144
09/18/2022 00:45	4609	198	4430	1048	1146
09/18/2022 00:50	4598	216	4452	1046	1143
09/18/2022 00:55	4588	234	4437	1048	1143
09/18/2022 01:00	4569	266	4432	1051	1140
09/18/2022 01:05	4573	316	4364	1048	1140
09/18/2022 01:10	4558	339	4317	1049	1137
09/18/2022 01:15	4547	336	4328	1046	1144
09/18/2022 01:20	4526	353	4308	1044	1145
09/18/2022 01:25	4518	367	4305	1046	1139
09/18/2022 01:30	4522	407	4286	1047	1138
09/18/2022 01:35	4506	451	4273	1053	1141
09/18/2022 01:40	4494	525	4250	1055	1136
09/18/2022 01:45	4499	588	4218	1055	1143
09/18/2022 01:50	4492	613	4239	1055	1144
09/18/2022 01:55	4472	640	4252	1060	1144
09/18/2022 02:00	4466	664	4238	1062	1143
09/18/2022 02:05	4468	691	4192	1066	1141
09/18/2022 02:10	4473	686	4169	1063	1140
09/18/2022 02:15	4455	668	4193	1065	1135
09/18/2022 02:20	4465	634	4181	1065	1140
09/18/2022 02:25	4465	636	4202	1066	1141
09/18/2022 02:30	4453	644	4203	1065	1137
09/18/2022 02:35	4442	654	4146	1064	1140
09/18/2022 02:40	4447	653	4168	1067	1142
09/18/2022 02:45	4444	628	4221	1064	1142
09/18/2022 02:50	4425	591	4246	1064	1134
09/18/2022 02:55	4425	592	4280	1063	1140
09/18/2022 03:00	4416	622	4215	1064	1143
09/18/2022 03:05	4434	624	4173	1066	1142
09/18/2022 03:10	4438	612	4174	1067	1143
09/18/2022 03:15	4414	548	4180	1066	1142
09/18/2022 03:20	4433	462	4174	1067	1142
09/18/2022 03:25	4423	438	4219	1067	1137
09/18/2022 03:30	4445	407	4228	1067	1141
09/18/2022 03:35	4433	397	4206	1064	1142
09/18/2022 03:40	4418	391	4197	1065	1140
09/18/2022 03:45	4410	375	4198	1065	1141
09/18/2022 03:50	4411	357	4199	1067	1139
09/18/2022 03:55	4420	320	4245	1067	1145
09/18/2022 04:00	4454	345	4242	1067	1141
09/18/2022 04:05	4450	382	4230	1067	1141
09/18/2022 04:10	4464	413	4177	1067	1143
09/18/2022 04:15	4435	483	4144	1067	1143
09/18/2022 04:20	4454	519	4133	1066	1140
09/18/2022 04:25	4463	540	4142	1066	1143
09/18/2022 04:30	4451	541	4141	1066	1144
09/18/2022 04:35	4482	489	4171	1065	1145
09/18/2022 04:40	4476	445	4223	1065	1146
09/18/2022 04:45	4484	434	4249	1068	1146
09/18/2022 04:50	4491	436	4221	1066	1146
09/18/2022 04:55	4496	464	4198	1067	1140
09/18/2022 05:00	4498	462	4212	1067	1144
09/18/2022 05:05	4521	462	4219	1067	1144
09/18/2022 05:10	4516	491	4260	1068	1146
09/18/2022 05:15	4525	508	4279	1066	1146
09/18/2022 05:20	4531	470	4251	1067	1144
09/18/2022 05:25	4539	426	4252	1070	1143
09/18/2022 05:30	4539	406	4233	1068	1139
09/18/2022 05:35	4564	384	4267	1068	1143
09/18/2022 05:40	4555	374	4264	1070	1143
09/18/2022 05:45	4553	384	4268	1066	1142
09/18/2022 05:50	4570	401	4289	1068	1143
09/18/2022 05:55	4608	404	4301	1069	1137
09/18/2022 06:00	4615	372	4412	1070	1137
09/18/2022 06:05	4658	369	4534	1069	1143
09/18/2022 06:10	4663	369	4579	1068	1142
09/18/2022 06:15	4672	363	4677	1069	1142
09/18/2022 06:20	4694	350	4707	1068	1144
09/18/2022 06:25	4722	336	4741	1071	1143
09/18/2022 06:30	4726	333	4728	1069	1142
09/18/2022 06:35	4762	329	4697	1068	1143
09/18/2022 06:40	4766	330	4735	1069	1140
09/18/2022 06:45	4764	326	4732	1070	1143
09/18/2022 06:50	4780	291	4735	1069	1138
09/18/2022 06:55	4784	263	4731	1068	1144
09/18/2022 07:00	4814	229	4875	1067	1142
09/18/2022 07:05	4820	208	4897	1069	1146
09/18/2022 07:10	4868	190	4886	1066	1144
09/18/2022 07:15	4880	177	4949	1068	1144
09/18/2022 07:20	4884	164	5036	1065	1138
09/18/2022 07:25	4920	148	5031	1067	1139
09/18/2022 07:30	4961	135	5044	1069	1140
09/18/2022 07:35	4951	110	5065	1064	1144
09/18/2022 07:40	4983	91	5063	1063	1140
09/18/2022 07:45	4996	78	5060	1066	1138
09/18/2022 07:50	5045	79	4983	1067	1144
09/18/2022 07:55	5049	80	5001	1065	1139
09/18/2022 08:00	5088	80	5010	1064	1143
09/18/2022 08:05	5090	83	4995	1063	1139
09/18/2022 08:10	5121	76	5056	1066	1139
09/18/2022 08:15	5136	71	5079	1064	1143
09/18/2022 08:20	5161	75	5102	1069	1145
09/18/2022 08:25	5210	96	5104	1065	1144
09/18/2022 08:30	5192	117	5024	1065	1145
09/18/2022 08:35	5177	134	5039	1063	1140
09/18/2022 08:40	5212	132	5051	1065	1141
09/18/2022 08:45	5225	110	5002	1061	1145
09/18/2022 08:50	5237	108	5043	1063	1145
09/18/2022 08:55	5259	95	5017	1063	1146
09/18/2022 09:00	5284	66	5105	1065	1140
09/18/2022 09:05	5275	66	5103	1063	1138
09/18/2022 09:10	5289	50	5107	1060	1143
09/18/2022 09:15	5309	44	5119	1060	1140
09/18/2022 09:20	5336	59	5100	1057	1144
09/18/2022 09:25	5317	64	5164	1059	1146
09/18/2022 09:30	5338	60	5178	1060	1144
09/18/2022 09:35	5342	55	5180	1060	1142
09/18/2022 09:40	5363	64	5154	1059	1145
09/18/2022 09:45	5361	77	5142	1061	1145
09/18/2022 09:50	5366	91	5173	1060	1142
09/18/2022 09:55	5359	97	5155	1061	1141
09/18/2022 10:00	5393	97	5143	1061	1147
09/18/2022 10:05	5386	77	5156	1060	1145
09/18/2022 10:10	5404	61	5160	1059	1146
09/18/2022 10:15	5407	59	5173	1058	1146
09/18/2022 10:20	5383	63	5174	1057	1143
09/18/2022 10:25	5407	66	5126	1057	1144
09/18/2022 10:30	5436	76	5152	1055	1143
09/18/2022 10:35	5408	79	5123	1056	1145
09/18/2022 10:40	5384	83	5101	1055	1145
09/18/2022 10:45	5428	91	5128	1058	1144
09/18/2022 10:50	5403	92	5103	1062	1140
09/18/2022 10:55	5394	98	5082	1058	1146
09/18/2022 11:00	5378	89	5084	1061	1146
09/18/2022 11:05	5428	89	5151	1057	1140
09/18/2022 11:10	5407	112	5268	1058	1140
09/18/2022 11:15	5414	112	5374	1057	1140
09/18/2022 11:20	5415	107	5284	1058	1143
09/18/2022 11:25	5402	107	5162	1053	1146
09/18/2022 11:30	5398	120	5195	1057	1140
09/18/2022 11:35	5404	127	5196	1057	1139
09/18/2022 11:40	5414	135	5206	1058	1145
09/18/2022 11:45	5418	130	5137	1057	1144
09/18/2022 11:50	5405	135	5158	1058	1143
09/18/2022 11:55	5419	118	5201	1056	1140
09/18/2022 12:00	5391	112	5218	1057	1146
09/18/2022 12:05	5423	110	5220	1060	1144
09/18/2022 12:10	5415	118	5263	1059	1142
09/18/2022 12:15	5393	119	5276	1059	1143
09/18/2022 12:20	5437	107	5277	1060	1143
09/18/2022 12:25	5402	105	5249	1060	1138
09/18/2022 12:30	5440	105	5259	1057	1144
09/18/2022 12:35	5445	111	5245	1057	1143
09/18/2022 12:40	5403	108	5271	1057	1143
09/18/2022 12:45	5385	116	5248	1051	1144
09/18/2022 12:50	5397	109	5249	1054	1138
09/18/2022 12:55	5375	104	5227	1061	1140
09/18/2022 13:00	5396	108	5165	1085	1142
09/18/2022 13:05	5399	112	5162	1110	1143
09/18/2022 13:10	5427	113	5149	1118	1142
09/18/2022 13:15	5394	107	5200	1122	1141
09/18/2022 13:20	5399	141	5243	1124	1138
09/18/2022 13:25	5401	149	5239	1126	1142
09/18/2022 13:30	5438	152	5243	1125	1140
09/18/2022 13:35	5399	145	5239	1127	1136
09/18/2022 13:40	5408	134	5239	1128	1142
09/18/2022 13:45	5421	120	5276	1129	1129
09/18/2022 13:50	5432	118	5267	1127	1130
09/18/2022 13:55	5412	123	5260	1108	1140
09/18/2022 14:00	5420	131	5270	1088	1141
09/18/2022 14:05	5405	131	5198	1067	1143
09/18/2022 14:10	5416	128	5184	1048	1143
09/18/2022 14:15	5413	115	5209	1053	1143
09/18/2022 14:20	5406	115	5232	1046	1143
09/18/2022 14:25	5423	113	5231	1053	1139
09/18/2022 14:30	5410	119	5208	1050	1140
09/18/2022 14:35	5413	114	5238	1052	1138
09/18/2022 14:40	5444	115	5173	1056	1143
09/18/2022 14:45	5435	115	5253	1054	1142
09/18/2022 14:50	5442	98	5212	1056	1136
09/18/2022 14:55	5444	96	5164	1064	1142
09/18/2022 15:00	5459	87	5232	1089	1140
09/18/2022 15:05	5473	78	5339	1103	1142
09/18/2022 15:10	5465	79	5413	1118	1141
09/18/2022 15:15	5463	104	5431	1119	1142
09/18/2022 15:20	5451	93	5459	1120	1137
09/18/2022 15:25	5464	86	5431	1118	1140
09/18/2022 15:30	5481	84	5442	1123	1137
09/18/2022 15:35	5484	77	5425	1123	1144
09/18/2022 15:40	5491	72	5435	1126	1137
09/18/2022 15:45	5479	74	5442	1122	1142
09/18/2022 15:50	5479	72	5395	1120	1143
09/18/2022 15:55	5506	65	5377	1117	1137
09/18/2022 16:00	5509	66	5491	1095	1143
09/18/2022 16:05	5533	77	5584	1086	1140
09/18/2022 16:10	5530	82	5658	1074	1142
09/18/2022 16:15	5556	81	5695	1074	1143
09/18/2022 16:20	5561	76	5706	1076	1138
09/18/2022 16:25	5551	81	5679	1070	1143
09/18/2022 16:30	5559	73	5642	1079	1143
09/18/2022 16:35	5581	77	5666	1074	1141
09/18/2022 16:40	5600	69	5691	1076	1137
09/18/2022 16:45	5609	56	5695	1074	1136
09/18/2022 16:50	5614	69	5697	1072	1140
09/18/2022 16:55	5635	93	5776	1080	1141
09/18/2022 17:00	5627	73	5880	1094	1136
09/18/2022 17:05	5660	81	6013	1109	1137
09/18/2022 17:10	5662	60	6036	1115	1141
09/18/2022 17:15	5683	57	6070	1116	1140
09/18/2022 17:20	5680	64	6044	1118	1140
09/18/2022 17:25	5695	58	6053	1116	1140
09/18/2022 17:30	5690	63	5987	1116	1140
09/18/2022 17:35	5702	70	6006	1116	1140
09/18/2022 17:40	5716	59	6034	1121	1140
09/18/2022 17:45	5701	74	6034	1118	1142
09/18/2022 17:50	5721	88	6047	1117	1135
09/18/2022 17:55	5729	96	6099	1118	1140
09/18/2022 18:00	5719	109	6161	1120	1135
09/18/2022 18:05	5710	126	6011	1119	1139
09/18/2022 18:10	5694	133	5995	1118	1137
09/18/2022 18:15	5693	135	6015	1122	1137
09/18/2022 18:20	5710	157	5985	1124	1137
09/18/2022 18:25	5694	184	5973	1125	1134
09/18/2022 18:30	5704	218	5992	1122	1134
09/18/2022 18:35	5717	236	5980	1126	1136
09/18/2022 18:40	5687	247	5966	1127	1136
09/18/2022 18:45	5694	236	5984	1122	1136
09/18/2022 18:50	5686	248	5971	1124	1131
09/18/2022 18:55	5699	252	5921	1131	1137
09/18/2022 19:00	5695	253	5953	1132	1132
09/18/2022 19:05	5726	241	5970	1133	1136
09/18/2022 19:10	5716	238	5965	1135	1134
09/18/2022 19:15	5720	221	6013	1135	1132
09/18/2022 19:20	5732	202	6026	1134	1137
09/18/2022 19:25	5746	197	6012	1137	1138
09/18/2022 19:30	5754	173	6031	1143	1135
09/18/2022 19:35	5759	159	6008	1142	1138
09/18/2022 19:40	5779	135	5989	1141	1138
09/18/2022 19:45	5759	108	6049	1141	1137
09/18/2022 19:50	5743	77	6011	1144	1138
09/18/2022 19:55	5749	52	5987	1143	1131
09/18/2022 20:00	5745	34	5938	1146	1137
09/18/2022 20:05	5719	20	5931	1144	1138
09/18/2022 20:10	5717	10	6016	1144	1137
09/18/2022 20:15	5722	4	5992	1148	1132
09/18/2022 20:20	5727	2	5980	1146	1140
09/18/2022 20:25	5667	2	5930	1146	1140
09/18/2022 20:30	5636	4	5863	1143	1140
09/18/2022 20:35	5631	1	5849	1148	1141
09/18/2022 20:40	5613	1	5903	1148	1140
09/18/2022 20:45	5582	1	5874	1147	1139
09/18/2022 20:50	5560	2	5878	1150	1136
09/18/2022 20:55	5530	2	5746	1145	1140
09/18/2022 21:00	5499	2	5644	1139	1140
09/18/2022 21:05	5489	3	5678	1139	1140
09/18/2022 21:10	5434	3	5539	1134	1140
09/18/2022 21:15	5411	3	5502	1132	1134
09/18/2022 21:20	5377	2	5457	1130	1140
09/18/2022 21:25	5348	4	5433	1139	1140
09/18/2022 21:30	5315	4	5480	1130	1140
09/18/2022 21:35	5264	3	5460	1133	1134
09/18/2022 21:40	5273	2	5439	1132	1140
09/18/2022 21:45	5229	2	5457	1132	1140
09/18/2022 21:50	5199	2	5425	1134	1137
09/18/2022 21:55	5181	3	5316	1124	1142
09/18/2022 22:00	5133	3	5227	1106	1141
09/18/2022 22:05	5123	3	5140	1093	1140
09/18/2022 22:10	5087	3	5055	1079	1141
09/18/2022 22:15	5073	4	5030	1080	1136
09/18/2022 22:20	5009	4	4928	1081	1142
09/18/2022 22:25	4968	6	4982	1082	1140
09/18/2022 22:30	4961	7	4909	1080	1140
09/18/2022 22:35	4901	11	4914	1083	1140
09/18/2022 22:40	4913	12	4876	1080	1139
09/18/2022 22:45	4869	16	4857	1077	1140
09/18/2022 22:50	4848	25	4864	1080	1139
09/18/2022 22:55	4817	35	4882	1082	1140
09/18/2022 23:00	4794	46	4750	1084	1140
09/18/2022 23:05	4760	51	4664	1084	1140
09/18/2022 23:10	4724	49	4528	1084	1140
09/18/2022 23:15	4705	46	4544	1083	1142
09/18/2022 23:20	4701	45	4511	1083	1141
09/18/2022 23:25	4673	41	4518	1083	1139
09/18/2022 23:30	4662	42	4520	1086	1140
09/18/2022 23:35	4573	40	4426	1084	1140
09/18/2022 23:40	4559	36	4442	1083	1137
09/18/2022 23:45	4530	33	4426	1082	1140
09/18/2022 23:50	4518	30	4412	1083	1136
09/18/2022 23:55	4494	34	4288	1076	1139
09/19/2022 00:00	4468	40	4236	1066	1140
09/19/2022 00:05	4442	48	4138	1058	1142
09/19/2022 00:10	4449	54	4121	1053	1138
09/19/2022 00:15	4443	66	4034	1051	1140
09/19/2022 00:20	4410	73	4004	1053	1140
09/19/2022 00:25	4403	80	4017	1052	1140
09/19/2022 00:30	4377	70	4024	1053	1142
09/19/2022 00:35	4386	65	4028	1054	1137
09/19/2022 00:40	4408	60	4016	1052	1143
09/19/2022 00:45	4363	63	4006	1053	1143
09/19/2022 00:50	4340	66	3990	1052	1138
09/19/2022 00:55	4301	63	4002	1054	1144
09/19/2022 01:00	4309	70	3965	1055	1140
09/19/2022 01:05	4297	79	3958	1052	1144
09/19/2022 01:10	4299	96	3882	1056	1144
09/19/2022 01:15	4287	104	3884	1061	1139
09/19/2022 01:20	4282	104	3856	1063	1145
09/19/2022 01:25	4279	100	3871	1061	1146
09/19/2022 01:30	4267	99	3857	1064	1143
09/19/2022 01:35	4259	96	3881	1064	1146
09/19/2022 01:40	4249	94	3865	1066	1146
09/19/2022 01:45	4233	83	3865	1071	1145
09/19/2022 01:50	4233	74	3857	1077	1142
09/19/2022 01:55	4242	68	3857	1083	1140
09/19/2022 02:00	4251	66	3871	1087	1146
09/19/2022 02:05	4227	67	3875	1088	1146
09/19/2022 02:10	4242	76	3834	1087	1146
09/19/2022 02:15	4208	78	3807	1089	1146
09/19/2022 02:20	4211	69	3824	1089	1142
09/19/2022 02:25	4216	68	3849	1094	1146
09/19/2022 02:30					
09/19/2022 02:35					
09/19/2022 02:40					
09/19/2022 02:45					
09/19/2022 02:50					
09/19/2022 02:55	4228	59	3701	1090	1147
09/19/2022 03:00	4231	55	3753	1091	1148
09/19/2022 03:05	4259	52	3852	1087	1147
09/19/2022 03:10	4260	53	3831	1086	1144
09/19/2022 03:15	4242	52	3826	1091	1145
09/19/2022 03:20	4245	49	3842	1091	1142
09/19/2022 03:25	4268	48	3843	1089	1146
09/19/2022 03:30	4255	55	3854	1089	1147
09/19/2022 03:35	4290	58	3853	1090	1145
09/19/2022 03:40	4257	63	3835	1092	1142
09/19/2022 03:45	4265	66	3822	1087	1147
09/19/2022 03:50	4291	68	3823	1091	1148
09/19/2022 03:55	4312	77	3823	1088	1149
09/19/2022 04:00	4313	82	3906	1090	1146
09/19/2022 04:05	4317	82	4021	1095	1149
09/19/2022 04:10	4331	74	4057	1093	1146
09/19/2022 04:15	4352	71	4100	1090	1143
09/19/2022 04:20	4357	76	4079	1091	1143
09/19/2022 04:25	4386	86	4053	1088	1146
09/19/2022 04:30	4405	91	4034	1092	1149
09/19/2022 04:35	4402	90	4095	1091	1149
09/19/2022 04:40	4448	94	4073	1087	1150
09/19/2022 04:45	4468	102	4011	1090	1149
09/19/2022 04:50	4473	106	4058	1089	1145
09/19/2022 04:55	4492	104	4165	1090	1150
09/19/2022 05:00	4518	100	4288	1088	1149
09/19/2022 05:05	4592	96	4441	1090	1148
09/19/2022 05:10	4651	91	4543	1087	1150
09/19/2022 05:15	4660	91	4551	1085	1149
09/19/2022 05:20	4694	93	4577	1088	1145
09/19/2022 05:25	4729	87	4590	1086	1146
09/19/2022 05:30	4772	81	4542	1085	1149
09/19/2022 05:35	4794	78	4595	1090	1148
09/19/2022 05:40	4816	75	4568	1091	1148
09/19/2022 05:45	4859	73	4549	1091	1149
09/19/2022 05:50	4863	73	4541	1092	1152
09/19/2022 05:55	4927	74	4567	1111	1145
09/19/2022 06:00	4956	76	4663	1129	1149
09/19/2022 06:05	5035	77	4679	1142	1152
09/19/2022 06:10	5099	83	4601	1153	1150
09/19/2022 06:15	5146	90	4498	1159	1149
09/19/2022 06:20	5214	93	4505	1153	1149
09/19/2022 06:25	5227	96	4514	1155	1150
09/19/2022 06:30	5240	93	4531	1153	1149
09/19/2022 06:35	5280	84	4554	1156	1149
09/19/2022 06:40	5308	82	4549	1156	1152
09/19/2022 06:45	5352	76	4552	1159	1146
09/19/2022 06:50	5394	73	4521	1153	1146
09/19/2022 06:55	5419	71	4647	1154	1150
09/19/2022 07:00	5404	63	4947	1151	1149
09/19/2022 07:05	5464	66	5104	1146	1149
09/19/2022 07:10	5501	64	5352	1144	1150
09/19/2022 07:15	5516	71	5428	1149	1145
09/19/2022 07:20	5528	80	5393	1147	1152
09/19/2022 07:25	5561	80	5485	1150	1144
09/19/2022 07:30	5551	79	5450	1151	1144
09/19/2022 07:35	5551	75	5456	1149	1151
09/19/2022 07:40	5587	70	5425	1150	1152
09/19/2022 07:45	5583	71	5427	1151	1152
09/19/2022 07:50	5564	74	5413	1150	1150
09/19/2022 07:55	5593	83	5349	1147	1152
09/19/2022 08:00	5561	84	4961	1153	1150
09/19/2022 08:05	5588	81	4738	1152	1152
09/19/2022 08:10	5600	79	4503	1146	1144
09/19/2022 08:15	5582	88	4440	1144	1149
09/19/2022 08:20	5585	95	4428	1144	1149
09/19/2022 08:25	5603	96	4450	1144	1148
09/19/2022 08:30	5610	106	4427	1145	1148
09/19/2022 08:35	5599	102	4436	1149	1149
09/19/2022 08:40	5602	109	4439	1143	1147
09/19/2022 08:45	5608	111	4453	1141	1141
09/19/2022 08:50	5591	105	4418	1143	1148
09/19/2022 08:55	5606	109	4382	1144	1142
09/19/2022 09:00	5613	110	4348	1145	1146
09/19/2022 09:05	5603	94	4343	1151	1146
09/19/2022 09:10	5620	87	4381	1149	1147
09/19/2022 09:15	5619	95	4306	1140	1142
09/19/2022 09:20	5589	90	4316	1142	1146
09/19/2022 09:25	5642	90	4323	1148	1140
09/19/2022 09:30	5636	92	4302	1146	1143
09/19/2022 09:35	5651	93	4294	1148	1140
09/19/2022 09:40	5639	86	4351	1149	1145
09/19/2022 09:45	5623	94	4321	1146	1142
09/19/2022 09:50	5619	107	4298	1147	1141
09/19/2022 09:55	5621	100	4350	1148	1144
09/19/2022 10:00	5638	105	4452	1148	1139
09/19/2022 10:05	5617	81	4369	1148	1143
09/19/2022 10:10	5643	85	4421	1148	1143
09/19/2022 10:15	5609	82	4477	1144	1144
09/19/2022 10:20	5646	81	4413	1145	1143
09/19/2022 10:25	5607	87	4446	1145	1143
09/19/2022 10:30	5616	102	4437	1145	1142
09/19/2022 10:35	5629	95	4470	1148	1143
09/19/2022 10:40	5630	92	4478	1145	1144
09/19/2022 10:45	5628	88	4487	1143	1136
09/19/2022 10:50	5622	96	4459	1142	1143
09/19/2022 10:55	5634	94	4496	1147	1140
09/19/2022 11:00	5628	111	4523	1148	1141
09/19/2022 11:05	5644	94	4591	1145	1136
09/19/2022 11:10	5667	94	4558	1146	1142
09/19/2022 11:15	5636	96	4587	1145	1142
09/19/2022 11:20	5650	91	4612	1146	1142
09/19/2022 11:25	5650	90	4589	1143	1142
09/19/2022 11:30	5657	85	4556	1140	1138
09/19/2022 11:35	5666	85	4606	1142	1140
09/19/2022 11:40	5679	93	4552	1146	1141
09/19/2022 11:45	5674	98	4592	1145	1140
09/19/2022 11:50	5704	105	4562	1142	1137
09/19/2022 11:55	5700	105	4565	1143	1141
09/19/2022 12:00	5693	109	4602	1143	1140
09/19/2022 12:05	5703	129	4615	1150	1142
09/19/2022 12:10	5692	128	4628	1149	1136
09/19/2022 12:15	5702	116	4579	1146	1141
09/19/2022 12:20	5698	121	4603	1145	1140
09/19/2022 12:25	5693	115	4555	1148	1137
09/19/2022 12:30	5712	113	4591	1146	1141
09/19/2022 12:35	5705	115	4617	1148	1140
09/19/2022 12:40	5731	124	4632	1142	1142
09/19/2022 12:45	5731	124	4634	1143	1141
09/19/2022 12:50	5745	119	4643	1142	1140
09/19/2022 12:55	5733	113	4665	1145	1142
09/19/2022 13:00	5735	120	4669	1144	1140
09/19/2022 13:05	5739	103	4674	1140	1139
09/19/2022 13:10	5755	106	4680	1140	1139
09/19/2022 13:15	5745	104	4722	1142	1134
09/19/2022 13:20	5845	108	4753	1135	1141
09/19/2022 13:25	5841	101	4810	1138	1136
09/19/2022 13:30	5847	119	4815	1136	1140
09/19/2022 13:35	5787	118	4806	1137	1139
09/19/2022 13:40	5789	114	4753	1140	1135
09/19/2022 13:45	5789	117	4707	1138	1138
09/19/2022 13:50	5776	117	4711	1135	1135
09/19/2022 13:55	5772	111	4720	1134	1137
09/19/2022 14:00	5773	115	4835	1132	1132
09/19/2022 14:05	5784	124	4866	1128	1139
09/19/2022 14:10	5798	138	4958	1124	1138
09/19/2022 14:15	5823	140	5038	1128	1137
09/19/2022 14:20	5795	128	5053	1127	1136
09/19/2022 14:25	5812	113	5076	1121	1138
09/19/2022 14:30	5815	120	5090	1118	1133
09/19/2022 14:35	5832	127	5065	1119	1140
09/19/2022 14:40	5842	123	5013	1123	1138
09/19/2022 14:45	5850	120	5008	1120	1139
09/19/2022 14:50	5896	131	5040	1119	1137
09/19/2022 14:55	5943	129	5275	1123	1139
09/19/2022 15:00	5949	132	5256	1123	1131
09/19/2022 15:05	5934	136	5267	1123	1137
09/19/2022 15:10	5958	132	5485	1122	1133
09/19/2022 15:15	5872	133	5555	1120	1140
09/19/2022 15:20	5973	132	5585	1120	1138
09/19/2022 15:25	5917	133	5367	1124	1139
09/19/2022 15:30	5908	126	5333	1124	1139
09/19/2022 15:35	5895	129	5306	1123	1138
09/19/2022 15:40	5897	124	5287	1127	1137
09/19/2022 15:45	5994	115	5363	1122	1139
09/19/2022 15:50	6004	131	5356	1127	1137
09/19/2022 15:55	6046	137	5390	1122	1136
09/19/2022 16:00	5947	138	5597	1127	1138
09/19/2022 16:05	6058	113	5771	1127	1137
09/19/2022 16:10	6069	118	5886	1128	1137
09/19/2022 16:15	6064	120	5952	1128	1138
09/19/2022 16:20	6085	101	5976	1124	1138
09/19/2022 16:25	6016	100	6023	1125	1139
09/19/2022 16:30	6039	103	5978	1126	1138
09/19/2022 16:35	6042	100	5905	1128	1138
09/19/2022 16:40	6040	97	5952	1124	1137
09/19/2022 16:45	6145	97	6045	1123	1131
09/19/2022 16:50	6165	98	6032	1123	1132
09/19/2022 16:55	6177	81	6191	1127	1138
09/19/2022 17:00	6097	102	6321	1125	1138
09/19/2022 17:05	6191	124	6654	1122	1132
09/19/2022 17:10	6214	114	6823	1125	1131
09/19/2022 17:15	6216	108	6883	1122	1136
09/19/2022 17:20	6239	105	6918	1122	1129
09/19/2022 17:25	6148	97	6943	1124	1136
09/19/2022 17:30	6147	95	6917	1123	1134
09/19/2022 17:35	6158	86	6941	1125	1130
09/19/2022 17:40	6238	80	6989	1125	1134
09/19/2022 17:45	6156	75	7103	1125	1137
09/19/2022 17:50	6287	68	7237	1124	1134
09/19/2022 17:55	6320	63	7547	1125	1134
09/19/2022 18:00	6265	54	7544	1125	1134
09/19/2022 18:05	6290	65	7266	1126	1134
09/19/2022 18:10	6229	59	7324	1127	1128
09/19/2022 18:15	6250	57	7365	1127	1133
09/19/2022 18:20	6236	48	7330	1126	1134
09/19/2022 18:25	6151	46	7483	1131	1133
09/19/2022 18:30	6148	40	7581	1128	1129
09/19/2022 18:35	6143	38	7676	1127	1129
09/19/2022 18:40	6154	36	7623	1126	1134
09/19/2022 18:45	6139	34	7614	1132	1134
09/19/2022 18:50	6136	35	7606	1141	1131
09/19/2022 18:55	6121	33	7620	1143	1134
09/19/2022 19:00	6114	34	7621	1136	1135
09/19/2022 19:05	6106	34	7644	1138	1134
09/19/2022 19:10	6129	37	7616	1144	1135
09/19/2022 19:15	6126	38	7648	1148	1135
09/19/2022 19:20	6138	36	7684	1144	1135
09/19/2022 19:25	6195	33	7720	1146	1134
09/19/2022 19:30	6124	31	7724	1148	1133
09/19/2022 19:35	6217	30	7666	1150	1131
09/19/2022 19:40	6128	28	7612	1150	1134
09/19/2022 19:45	6198	27	7621	1149	1137
09/19/2022 19:50	6165	27	7580	1132	1136
09/19/2022 19:55	6161	27	7424	1156	1136
09/19/2022 20:00	6168	25	7192	1168	1137
09/19/2022 20:05	6074	12	7089	1147	1132
09/19/2022 20:10	6081	12	6945	1142	1137
09/19/2022 20:15	6051	12	6800	1143	1133
09/19/2022 20:20	6018	12	6781	1145	1137
09/19/2022 20:25	6097	12	6798	1139	1139
09/19/2022 20:30	5992	13	6764	1149	1138
09/19/2022 20:35	6021	14	6730	1150	1137
09/19/2022 20:40	5993	15	6745	1149	1139
09/19/2022 20:45	5952	15	6776	1150	1140
09/19/2022 20:50	5945	15	6767	1150	1139
09/19/2022 20:55	5933	17	6724	1151	1138
09/19/2022 21:00	5864	16	6534	1152	1137
09/19/2022 21:05	5742	9	6422	1152	1139
09/19/2022 21:10	5772	9	6290	1151	1139
09/19/2022 21:15	5753	10	6235	1153	1140
09/19/2022 21:20	5768	8	6116	1150	1136
09/19/2022 21:25	5665	8	5985	1151	1140
09/19/2022 21:30	5640	8	6015	1152	1140
09/19/2022 21:35	5638	7	6007	1155	1135
09/19/2022 21:40	5596	7	5994	1153	1137
09/19/2022 21:45	5578	8	5978	1152	1140
09/19/2022 21:50	5450	9	5986	1152	1140
09/19/2022 21:55	5399	9	5818	1154	1142
09/19/2022 22:00	5467	10	5548	1151	1140
09/19/2022 22:05	5393	13	5283	1152	1140
09/19/2022 22:10	5366	17	5279	1151	1142
09/19/2022 22:15	5365	21	5141	1156	1142
09/19/2022 22:20	5303	21	5147	1153	1142
09/19/2022 22:25	5250	19	5140	1154	1140
09/19/2022 22:30	5223	17	5127	1157	1143
09/19/2022 22:35	5199	18	5145	1153	1137
09/19/2022 22:40	5111	21	5099	1153	1144
09/19/2022 22:45	5161	19	5116	1156	1140
09/19/2022 22:50	5093	20	5133	1152	1143
09/19/2022 22:55	5094	25	5110	1132	1142
09/19/2022 23:00	5033	21	4983	1122	1140
09/19/2022 23:05	5044	22	4922	1109	1136
09/19/2022 23:10	5000	22	4819	1087	1142
09/19/2022 23:15	4975	23	4712	1085	1137
09/19/2022 23:20	4956	26	4686	1081	1142
09/19/2022 23:25	4932	28	4690	1083	1142
09/19/2022 23:30	4832	38	4621	1086	1143
09/19/2022 23:35	4876	53	4670	1081	1137
09/19/2022 23:40	4842	75	4652	1082	1135
09/19/2022 23:45	4767	90	4651	1087	1142
09/19/2022 23:50	4810	113	4668	1092	1138
09/19/2022 23:55	4839	140	4632	1090	1143
09/20/2022 00:00	4702	170	4476	1094	1144
09/20/2022 00:05	4787	207	4366	1088	1137
09/20/2022 00:10	4751	244	4277	1088	1142
09/20/2022 00:15	4652	276	4158	1088	1144
09/20/2022 00:20	4631	313	4074	1087	1139
09/20/2022 00:25	4616	345	4031	1091	1143
09/20/2022 00:30	4613	365	4042	1092	1143
09/20/2022 00:35	4684	403	4049	1092	1140
09/20/2022 00:40	4646	432	4043	1091	1142
09/20/2022 00:45	4670	447	4060	1093	1138
09/20/2022 00:50	4684	481	4073	1095	1140
09/20/2022 00:55	4636	518	4154	1093	1140
09/20/2022 01:00	4671	568	4103	1095	1146
09/20/2022 01:05	4654	620	4031	1090	1145
09/20/2022 01:10	4622	670	4063	1090	1140
09/20/2022 01:15	4537	715	3910	1090	1141
09/20/2022 01:20	4513	738	3878	1090	1144
09/20/2022 01:25	4631	771	3863	1093	1145
09/20/2022 01:30	4503	813	3896	1095	1146
09/20/2022 01:35	4587	891	3890	1094	1140
09/20/2022 01:40	4508	957	3853	1092	1146
09/20/2022 01:45	4593	1004	3815	1084	1147
09/20/2022 01:50	4582	1063	3811	1093	1147
09/20/2022 01:55	4563	1092	3842	1095	1142
09/20/2022 02:00	4557	1127	3846	1100	1147
09/20/2022 02:05	4556	1190	3775	1091	1146
09/20/2022 02:10	4499	1229	3782	1089	1143
09/20/2022 02:15	4490	1232	3838	1089	1140
09/20/2022 02:20	4552	1236	3822	1094	1146
09/20/2022 02:25	4568	1220	3794	1093	1147
09/20/2022 02:30	4542	1228	3704	1095	1140
09/20/2022 02:35	4539	1229	3823	1097	1146
09/20/2022 02:40	4542	1238	3759	1095	1142
09/20/2022 02:45	4543	1241	3654	1097	1141
09/20/2022 02:50	4538	1247	3817	1092	1147
09/20/2022 02:55	4526	1255	3891	1094	1147
09/20/2022 03:00	4458	1266	3871	1093	1148
09/20/2022 03:05	4486	1267	3868	1093	1142
09/20/2022 03:10	4534	1289	3885	1091	1144
09/20/2022 03:15	4539	1310	3889	1093	1146
09/20/2022 03:20	4531	1306	3866	1094	1148
09/20/2022 03:25	4515	1286	3871	1096	1149
09/20/2022 03:30	4520	1284	3891	1097	1141
09/20/2022 03:35	4539	1256	3888	1094	1141
09/20/2022 03:40	4536	1232	3883	1093	1149
09/20/2022 03:45	4512	1200	3940	1094	1143
09/20/2022 03:50	4446	1144	3906	1098	1148
09/20/2022 03:55	4456	1128	3969	1095	1146
09/20/2022 04:00	4456	1081	3990	1099	1146
09/20/2022 04:05	4542	1006	4123	1093	1146
09/20/2022 04:10	4572	966	4161	1095	1148
09/20/2022 04:15	4501	942	4136	1093	1146
09/20/2022 04:20	4566	911	4154	1098	1147
09/20/2022 04:25	4569	876	4162	1096	1147
09/20/2022 04:30	4586	838	4149	1095	1147
09/20/2022 04:35	4597	810	4162	1096	1148
09/20/2022 04:40	4594	770	4152	1093	1147
09/20/2022 04:45	4558	751	4138	1094	1148
09/20/2022 04:50	4638	727	4126	1092	1149
09/20/2022 04:55	4665	707	4164	1092	1146
09/20/2022 05:00	4709	682	4230	1091	1147
09/20/2022 05:05	4765	669	4410	1094	1149
09/20/2022 05:10	4796	662	4462	1093	1141
09/20/2022 05:15	4803	649	4505	1094	1148
09/20/2022 05:20	4845	635	4467	1090	1148
09/20/2022 05:25	4843	627	4462	1093	1148
09/20/2022 05:30	4821	624	4429	1090	1146
09/20/2022 05:35	4831	614	4463	1095	1150
09/20/2022 05:40	4906	615	4549	1092	1146
09/20/2022 05:45	4971	628	4613	1095	1149
09/20/2022 05:50	4955	635	4644	1099	1142
09/20/2022 05:55	5052	639	4697	1107	1147
09/20/2022 06:00	5008	648	4714	1116	1147
09/20/2022 06:05	5197	651	4723	1124	1146
09/20/2022 06:10	5207	656	4826	1132	1148
09/20/2022 06:15	5260	667	4942	1132	1147
09/20/2022 06:20	5322	663	4922	1136	1148
09/20/2022 06:25	5270	658	4948	1136	1146
09/20/2022 06:30	5261	671	4865	1137	1147
09/20/2022 06:35	5337	652	4878	1137	1147
09/20/2022 06:40	5457	638	4915	1136	1146
09/20/2022 06:45	5435	650	4896	1135	1147
09/20/2022 06:50	5400	662	4907	1134	1147
09/20/2022 06:55	5463	675	5010	1145	1146
09/20/2022 07:00	5477	687	5058	1158	1145
09/20/2022 07:05	5544	678	5109	1152	1143
09/20/2022 07:10	5556	674	5172	1155	1146
09/20/2022 07:15	5573	646	5193	1151	1147
09/20/2022 07:20	5490	627	5245	1150	1146
09/20/2022 07:25	5513	619	5218	1149	1146
09/20/2022 07:30	5556	611	5213	1151	1146
09/20/2022 07:35	5592	596	5201	1150	1146
09/20/2022 07:40	5539	574	5263	1154	1144
09/20/2022 07:45	5593	549	5267	1154	1142
09/20/2022 07:50	5630	497	5284	1153	1146
09/20/2022 07:55	5626	456	5286	1155	1146
09/20/2022 08:00	5642	431	5278	1155	1141
09/20/2022 08:05	5594	383	5204	1158	1143
09/20/2022 08:10	5564	341	5181	1152	1145
09/20/2022 08:15	5653	316	5202	1151	1145
09/20/2022 08:20	5660	295	5202	1153	1146
09/20/2022 08:25	5669	279	5158	1151	1140
09/20/2022 08:30	5632	276	5142	1152	1147
09/20/2022 08:35	5667	279	5158	1146	1146
09/20/2022 08:40	5619	285	5180	1145	1146
09/20/2022 08:45	5653	289	5160	1144	1146
09/20/2022 08:50	5663	292	5161	1146	1146
09/20/2022 08:55	5660	300	5191	1145	1145
09/20/2022 09:00	5567	312	5038	1146	1140
09/20/2022 09:05	5660	318	5049	1146	1146
09/20/2022 09:10	5691	315	5091	1149	1146
09/20/2022 09:15	5704	299	5091	1148	1146
09/20/2022 09:20	5591	298	5082	1152	1145
09/20/2022 09:25	5691	315	5084	1149	1140
09/20/2022 09:30	5664	338	5087	1144	1146
09/20/2022 09:35	5672	336	5070	1148	1141
09/20/2022 09:40	5674	352	5096	1149	1138
09/20/2022 09:45	5591	376	5062	1148	1143
09/20/2022 09:50	5686	412	5062	1149	1144
09/20/2022 09:55	5689	453	4998	1150	1143
09/20/2022 10:00	5674	492	4910	1148	1143
09/20/2022 10:05	5609	491	5032	1146	1144
09/20/2022 10:10	5650	529	5095	1144	1145
09/20/2022 10:15	5684	556	5052	1145	1143
09/20/2022 10:20	5668	579	5062	1147	1143
09/20/2022 10:25	5660	554	5074	1143	1142
09/20/2022 10:30	5595	592	5039	1138	1143
09/20/2022 10:35	5593	586	5034	1133	1143
09/20/2022 10:40	5675	592	5061	1138	1141
09/20/2022 10:45	5717	614	5081	1140	1142
09/20/2022 10:50	5690	633	5060	1147	1141
09/20/2022 10:55	5605	678	5023	1135	1143
09/20/2022 11:00	5680	714	4864	1124	1143
09/20/2022 11:05	5704	715	4924	1115	1140
09/20/2022 11:10	5734	741	5017	1105	1142
09/20/2022 11:15	5722	748	5021	1106	1142
09/20/2022 11:20	5622	765	4936	1112	1143
09/20/2022 11:25	5654	804	4918	1105	1136
09/20/2022 11:30	5660	790	4948	1104	1140
09/20/2022 11:35	5719	779	4970	1110	1143
09/20/2022 11:40	5769	813	4957	1114	1141
09/20/2022 11:45	5760	782	4985	1112	1139
09/20/2022 11:50	5755	822	4940	1118	1142
09/20/2022 11:55	5776	828	4924	1119	1144
09/20/2022 12:00	5808	813	5018	1119	1142
09/20/2022 12:05	5770	832	5078	1126	1143
09/20/2022 12:10	5698	827	5092	1127	1142
09/20/2022 12:15	5678	828	5119	1123	1141
09/20/2022 12:20	5716	821	5191	1122	1142
09/20/2022 12:25	5778	824	5144	1116	1142
09/20/2022 12:30	5840	826	5183	1113	1143
09/20/2022 12:35	5787	784	5197	1118	1142
09/20/2022 12:40	5722	790	5165	1116	1137
09/20/2022 12:45	5823	801	5166	1119	1138
09/20/2022 12:50	5826	760	5189	1117	1142
09/20/2022 12:55	5834	715	5131	1121	1141
09/20/2022 13:00	5838	723	5194	1117	1140
09/20/2022 13:05	5761	781	5115	1117	1140
09/20/2022 13:10	5783	775	5059	1119	1135
09/20/2022 13:15	5866	767	5117	1119	1139
09/20/2022 13:20	5867	801	5132	1116	1140
09/20/2022 13:25	5865	802	5165	1117	1137
09/20/2022 13:30	5859	805	5162	1117	1137
09/20/2022 13:35	5809	774	5188	1118	1137
09/20/2022 13:40	5860	744	5128	1118	1140
09/20/2022 13:45	5901	728	5248	1115	1141
09/20/2022 13:50	5803	717	5159	1111	1137
09/20/2022 13:55	5905	711	5153	1117	1140
09/20/2022 14:00	5861	702	5389	1119	1135
09/20/2022 14:05	5782	670	5432	1127	1137
09/20/2022 14:10	5851	643	5550	1127	1136
09/20/2022 14:15	5890	691	5603	1128	1140
09/20/2022 14:20	5857	645	5620	1124	1134
09/20/2022 14:25	5826	665	5582	1125	1140
09/20/2022 14:30	5894	681	5602	1129	1140
09/20/2022 14:35	5880	692	5637	1124	1140
09/20/2022 14:40	5873	684	5643	1126	1140
09/20/2022 14:45	5927	633	5628	1133	1141
09/20/2022 14:50	5834	690	5589	1129	1138
09/20/2022 14:55	5926	720	5512	1128	1140
09/20/2022 15:00	5908	682	5742	1129	1134
09/20/2022 15:05	5929	716	5877	1131	1140
09/20/2022 15:10	5850	701	5898	1129	1139
09/20/2022 15:15	5923	686	5950	1130	1139
09/20/2022 15:20	5961	660	5936	1130	1141
09/20/2022 15:25	5936	634	5937	1126	1140
09/20/2022 15:30	5943	628	5999	1131	1140
09/20/2022 15:35	5859	674	5905	1126	1141
09/20/2022 15:40	5870	679	5907	1126	1140
09/20/2022 15:45	5911	656	5849	1129	1140
09/20/2022 15:50	5907	636	5836	1125	1140
09/20/2022 15:55	5955	665	5945	1127	1141
09/20/2022 16:00	5963	666	6137	1128	1143
09/20/2022 16:05	5950	646	6251	1127	1141
09/20/2022 16:10	5988	662	6510	1129	1139
09/20/2022 16:15	6004	614	6531	1133	1142
09/20/2022 16:20	6037	588	6547	1132	1140
09/20/2022 16:25	6052	626	6513	1125	1141
09/20/2022 16:30	6056	623	6554	1132	1142
09/20/2022 16:35	6007	655	6501	1130	1138
09/20/2022 16:40	5948	654	6397	1128	1138
09/20/2022 16:45	6043	645	6486	1125	1137
09/20/2022 16:50	6072	654	6511	1127	1140
09/20/2022 16:55	6075	662	6655	1131	1139
09/20/2022 17:00	6030	670	6995	1131	1136
09/20/2022 17:05	6103	705	7112	1131	1138
09/20/2022 17:10	6078	726	7307	1130	1137
09/20/2022 17:15	6146	735	7341	1126	1137
09/20/2022 17:20	6126	753	7306	1134	1132
09/20/2022 17:25	6052	733	7339	1132	1139
09/20/2022 17:30	6080	721	7303	1135	1139
09/20/2022 17:35	6097	722	7292	1133	1134
09/20/2022 17:40	6129	711	7354	1134	1138
09/20/2022 17:45	6176	694	7453	1136	1139
09/20/2022 17:50	6176	665	7740	1141	1140
09/20/2022 17:55	6214	666	7802	1139	1139
09/20/2022 18:00	6211	655	7776	1135	1140
09/20/2022 18:05	6180	646	7619	1140	1140
09/20/2022 18:10	6184	636	7598	1138	1137
09/20/2022 18:15	6202	636	7597	1139	1138
09/20/2022 18:20	6184	593	7523	1141	1138
09/20/2022 18:25	6207	581	7547	1136	1138
09/20/2022 18:30	6117	559	7661	1139	1138
09/20/2022 18:35	6103	529	7631	1137	1140
09/20/2022 18:40	6182	516	7712	1137	1139
09/20/2022 18:45	6082	499	7704	1142	1139
09/20/2022 18:50	6187	477	7805	1146	1139
09/20/2022 18:55	6141	459	7881	1141	1138
09/20/2022 19:00	6146	437	7912	1145	1138
09/20/2022 19:05	6154	429	7827	1143	1138
09/20/2022 19:10	6176	414	7956	1144	1140
09/20/2022 19:15	6151	413	7957	1145	1140
09/20/2022 19:20	6109	416	7936	1149	1139
09/20/2022 19:25	6202	425	7958	1150	1140
09/20/2022 19:30	6233	430	7992	1150	1134
09/20/2022 19:35	6190	436	7932	1147	1140
09/20/2022 19:40	6174	428	7908	1147	1140
09/20/2022 19:45	6168	432	7920	1148	1142
09/20/2022 19:50	6163	433	7859	1146	1140
09/20/2022 19:55	6157	442	7703	1142	1140
09/20/2022 20:00	6148	440	7604	1151	1140
09/20/2022 20:05	6064	451	7732	1152	1136
09/20/2022 20:10	6093	446	7563	1147	1137
09/20/2022 20:15	6082	433	7536	1143	1141
09/20/2022 20:20	6049	411	7542	1148	1142
09/20/2022 20:25	6032	391	7534	1148	1137
09/20/2022 20:30	5956	369	7530	1146	1142
09/20/2022 20:35	5997	358	7547	1147	1139
09/20/2022 20:40	5950	347	7552	1147	1139
09/20/2022 20:45	5916	335	7574	1146	1138
09/20/2022 20:50	5856	333	7556	1145	1142
09/20/2022 20:55	5818	319	7348	1146	1138
09/20/2022 21:00	5746	304	7093	1151	1138
09/20/2022 21:05	5814	284	6881	1150	1144
09/20/2022 21:10	5695	272	6662	1150	1143
09/20/2022 21:15	5704	265	6651	1150	1146
09/20/2022 21:20	5685	254	6628	1148	1144
09/20/2022 21:25	5676	263	6522	1147	1141
09/20/2022 21:30	5616	268	6408	1147	1145
09/20/2022 21:35	5593	270	6388	1149	1145
09/20/2022 21:40	5574	271	6387	1148	1142
09/20/2022 21:45	5510	268	6294	1151	1143
09/20/2022 21:50	5418	264	6201	1152	1139
09/20/2022 21:55	5423	274	6238	1153	1144
09/20/2022 22:00	5376	286	6122	1151	1145
09/20/2022 22:05	5382	302	5878	1149	1145
09/20/2022 22:10	5322	318	5724	1152	1140
09/20/2022 22:15	5283	328	5632	1151	1146
09/20/2022 22:20	5280	338	5560	1148	1145
09/20/2022 22:25	5235	344	5525	1152	1145
09/20/2022 22:30	5185	359	5463	1149	1145
09/20/2022 22:35	5110	349	5409	1151	1146
09/20/2022 22:40	5063	350	5369	1150	1144
09/20/2022 22:45	5027	344	5385	1147	1145
09/20/2022 22:50	5060	338	5379	1149	1146
09/20/2022 22:55	5055	334	5389	1151	1148
09/20/2022 23:00	4960	325	5247	1150	1140
09/20/2022 23:05	4998	319	4988	1154	1145
09/20/2022 23:10	4955	327	4807	1154	1146
09/20/2022 23:15	4936	342	4745	1151	1146
09/20/2022 23:20	4935	358	4738	1153	1141
09/20/2022 23:25	4900	367	4725	1153	1148
09/20/2022 23:30	4791	368	4694	1153	1146
09/20/2022 23:35	4850	382	4615	1155	1140
09/20/2022 23:40	4806	383	4644	1158	1143
09/20/2022 23:45	4810	371	4639	1156	1145
09/20/2022 23:50	4775	359	4550	1155	1146
09/20/2022 23:55	4761	345	4460	1136	1146
09/21/2022 00:00	4723	323	4466	1120	1146
09/21/2022 00:05	4728	330	4457	1106	1142
09/21/2022 00:10	4684	319	4413	1089	1145
09/21/2022 00:15	4612	298	4399	1091	1146
09/21/2022 00:20	4584	292	4350	1089	1140
09/21/2022 00:25	4586	300	4325	1097	1146
09/21/2022 00:30	4641	292	4385	1094	1148
09/21/2022 00:35	4626	287	4306	1093	1145
09/21/2022 00:40	4538	303	4305	1094	1140
09/21/2022 00:45	4590	295	4246	1097	1146
09/21/2022 00:50	4596	288	4216	1095	1145
09/21/2022 00:55	4584	277	4238	1096	1146
09/21/2022 01:00	4576	263	4229	1095	1147
09/21/2022 01:05	4487	258	4227	1099	1146
09/21/2022 01:10	4482	259	4133	1095	1141
09/21/2022 01:15	4483	264	4066	1092	1146
09/21/2022 01:20	4542	271	4056	1098	1147
09/21/2022 01:25	4524	276	4065	1095	1148
09/21/2022 01:30	4443	273	4046	1093	1147
09/21/2022 01:35	4506	274	4039	1097	1142
09/21/2022 01:40	4526	257	4032	1095	1142
09/21/2022 01:45	4514	243	4010	1096	1148
09/21/2022 01:50	4511	240	4012	1097	1146
09/21/2022 01:55	4505	239	4063	1095	1146
09/21/2022 02:00	4401	251	3937	1097	1147
09/21/2022 02:05	4476	258	3946	1097	1142
09/21/2022 02:10	4466	264	3943	1094	1144
09/21/2022 02:15	4479	268	3928	1095	1149
09/21/2022 02:20	4442	258	3954	1098	1148
09/21/2022 02:25	4476	261	3977	1096	1148
09/21/2022 02:30	4450	266	3910	1094	1147
09/21/2022 02:35	4455	268	3931	1095	1148
09/21/2022 02:40	4463	283	3888	1098	1146
09/21/2022 02:45	4363	292	3827	1097	1146
09/21/2022 02:50	4380	300	3862	1096	1141
09/21/2022 02:55	4347	304	3857	1095	1147
09/21/2022 03:00	4440	306	3855	1091	1144
09/21/2022 03:05	4439	317	3892	1097	1146
09/21/2022 03:10	4371	333	3872	1096	1146
09/21/2022 03:15	4423	343	3897	1097	1147
09/21/2022 03:20	4423	343	3948	1099	1148
09/21/2022 03:25	4435	352	3904	1096	1146
09/21/2022 03:30	4432	372	3902	1096	1145
09/21/2022 03:35	4381	367	3882	1099	1146
09/21/2022 03:40	4433	360	3894	1095	1147
09/21/2022 03:45	4455	351	3867	1096	1143
09/21/2022 03:50	4452	341	3882	1095	1143
09/21/2022 03:55	4378	328	3980	1099	1146
09/21/2022 04:00	4491	326	4056	1097	1148
09/21/2022 04:05	4521	323	4151	1096	1147
09/21/2022 04:10	4529	299	4196	1099	1143
09/21/2022 04:15	4504	284	4237	1097	1149
09/21/2022 04:20	4540	276	4233	1099	1149
09/21/2022 04:25	4469	277	4173	1098	1142
09/21/2022 04:30	4525	287	4200	1097	1148
09/21/2022 04:35	4557	302	4203	1097	1149
09/21/2022 04:40	4618	300	4192	1101	1149
09/21/2022 04:45	4527	316	4202	1097	1144
09/21/2022 04:50	4649	303	4232	1098	1143
09/21/2022 04:55	4684	291	4388	1098	1149
09/21/2022 05:00	4708	280	4562	1107	1149
09/21/2022 05:05	4743	284	4721	1116	1143
09/21/2022 05:10	4716	279	4758	1121	1149
09/21/2022 05:15	4846	263	4872	1124	1148
09/21/2022 05:20	4862	260	4811	1125	1149
09/21/2022 05:25	4907	260	4827	1123	1149
09/21/2022 05:30	4939	259	4904	1124	1150
09/21/2022 05:35	4955	254	4909	1121	1148
09/21/2022 05:40	5003	224	4969	1119	1149
09/21/2022 05:45	5012	201	5076	1121	1149
09/21/2022 05:50	5098	187	5140	1127	1149
09/21/2022 05:55	5112	174	4984	1134	1150
09/21/2022 06:00	5060	174	4969	1134	1149
09/21/2022 06:05	5243	164	4979	1140	1152
09/21/2022 06:10	5280	159	4972	1143	1149
09/21/2022 06:15	5334	161	4974	1138	1151
09/21/2022 06:20	5353	146	4997	1142	1150
09/21/2022 06:25	5404	143	5106	1142	1150
09/21/2022 06:30	5447	134	5087	1141	1148
09/21/2022 06:35	5455	131	5097	1141	1150
09/21/2022 06:40	5491	130	5084	1142	1149
09/21/2022 06:45	5415	124	5058	1140	1145
09/21/2022 06:50	5515	112	5114	1140	1143
09/21/2022 06:55	5562	107	5212	1145	1145
09/21/2022 07:00	5576	99	5282	1143	1149
09/21/2022 07:05	5615	97	5307	1139	1149
09/21/2022 07:10	5583	95	5217	1141	1145
09/21/2022 07:15	5666	94	5223	1141	1149
09/21/2022 07:20	5679	96	5247	1143	1144
09/21/2022 07:25	5703	109	5169	1143	1148
09/21/2022 07:30	5596	111	5142	1141	1144
09/21/2022 07:35	5596	112	5145	1145	1149
09/21/2022 07:40	5706	113	5087	1143	1149
09/21/2022 07:45	5690	116	5085	1139	1149
09/21/2022 07:50	5607	122	5105	1141	1148
09/21/2022 07:55	5666	120	5108	1149	1147
09/21/2022 08:00	5697	124	5252	1151	1148
09/21/2022 08:05	5675	122	5243	1150	1148
09/21/2022 08:10	5729	115	5412	1156	1146
09/21/2022 08:15	5743	119	5367	1155	1142
09/21/2022 08:20	5620	116	5327	1158	1147
09/21/2022 08:25	5667	106	5416	1160	1147
09/21/2022 08:30	5679	99	5468	1155	1149
09/21/2022 08:35	5771	102	5474	1158	1147
09/21/2022 08:40	5761	104	5465	1161	1142
09/21/2022 08:45	5710	98	5423	1158	1146
09/21/2022 08:50	5737	95	5402	1159	1146
09/21/2022 08:55	5758	96	5308	1158	1152
09/21/2022 09:00	5749	103	5167	1158	1152
09/21/2022 09:05	5729	99	5253	1154	1156
09/21/2022 09:10	5674	112	5204	1160	1157
09/21/2022 09:15	5674	120	5151	1158	1152
09/21/2022 09:20	5738	146	5119	1157	1156
09/21/2022 09:25	5747	138	5118	1155	1156
09/21/2022 09:30	5644	161	5147	1154	1154
09/21/2022 09:35	5757	169	5132	1158	1155
09/21/2022 09:40	5763	172	5087	1159	1152
09/21/2022 09:45	5735	146	5087	1160	1155
09/21/2022 09:50	5739	164	5207	1159	1156
09/21/2022 09:55	5778	148	5240	1162	1156
09/21/2022 10:00	5652	135	5177	1158	1152
09/21/2022 10:05	5756	120	5214	1157	1155
09/21/2022 10:10	5646	119	5277	1161	1154
09/21/2022 10:15	5736	127	5252	1159	1154
09/21/2022 10:20	5725	129	5345	1160	1152
09/21/2022 10:25	5718	120	5414	1159	1150
09/21/2022 10:30	5751	121	5417	1161	1154
09/21/2022 10:35	5742	113	5453	1157	1154
09/21/2022 10:40	5744	100	5455	1161	1154
09/21/2022 10:45	5727	96	5486	1161	1156
09/21/2022 10:50	5654	107	5433	1159	1157
09/21/2022 10:55	5729	101	5262	1161	1156
09/21/2022 11:00	5761	97	5318	1157	1152
09/21/2022 11:05	5654	102	5331	1157	1156
09/21/2022 11:10	5774	116	5413	1158	1155
09/21/2022 11:15	5777	111	5393	1157	1156
09/21/2022 11:20	5737	118	5429	1156	1155
09/21/2022 11:25	5728	126	5414	1160	1154
09/21/2022 11:30	5715	123	5377	1155	1154
09/21/2022 11:35	5593	121	5338	1157	1155
09/21/2022 11:40	5658	122	5261	1159	1155
09/21/2022 11:45	5650	138	5290	1154	1156
09/21/2022 11:50	5649	136	5283	1154	1156
09/21/2022 11:55	5658	155	5319	1153	1152
09/21/2022 12:00	5753	139	5421	1157	1156
09/21/2022 12:05	5712	142	5488	1161	1155
09/21/2022 12:10	5782	120	5528	1156	1157
09/21/2022 12:15	5721	115	5558	1157	1154
09/21/2022 12:20	5724	112	5517	1154	1155
09/21/2022 12:25	5768	115	5497	1156	1149
09/21/2022 12:30	5741	124	5548	1154	1143
09/21/2022 12:35	5773	122	5521	1151	1143
09/21/2022 12:40	5651	129	5500	1155	1143
09/21/2022 12:45	5766	142	5494	1153	1140
09/21/2022 12:50	5766	144	5495	1152	1139
09/21/2022 12:55	5796	150	5477	1156	1143
09/21/2022 13:00	5756	147	5472	1149	1140
09/21/2022 13:05	5775	151	5493	1155	1143
09/21/2022 13:10	5781	173	5514	1156	1139
09/21/2022 13:15	5774	175	5524	1147	1140
09/21/2022 13:20	5705	161	5515	1152	1143
09/21/2022 13:25	5776	178	5550	1151	1143
09/21/2022 13:30	5804	175	5553	1146	1143
09/21/2022 13:35	5807	159	5558	1139	1143
09/21/2022 13:40	5817	143	5569	1141	1143
09/21/2022 13:45	5814	151	5586	1144	1143
09/21/2022 13:50	5823	159	5563	1141	1142
09/21/2022 13:55	5813	180	5525	1144	1143
09/21/2022 14:00	5753	192	5632	1130	1143
09/21/2022 14:05	5789	193	5575	1129	1143
09/21/2022 14:10	5699	186	5589	1124	1143
09/21/2022 14:15	5734	203	5626	1123	1143
09/21/2022 14:20	5726	184	5657	1125	1136
09/21/2022 14:25	5799	211	5640	1125	1142
09/21/2022 14:30	5824	219	5602	1128	1138
09/21/2022 14:35	5800	208	5646	1127	1143
09/21/2022 14:40	5794	208	5692	1131	1136
09/21/2022 14:45	5808	194	5713	1124	1142
09/21/2022 14:50	5819	207	5693	1120	1143
09/21/2022 14:55	5758	258	5861	1135	1142
09/21/2022 15:00	5809	292	5732	1133	1139
09/21/2022 15:05	5751	314	5812	1134	1142
09/21/2022 15:10	5830	313	5851	1136	1142
09/21/2022 15:15	5818	317	5895	1134	1143
09/21/2022 15:20	5847	289	5957	1135	1142
09/21/2022 15:25	5803	293	6041	1137	1143
09/21/2022 15:30	5836	303	5961	1132	1141
09/21/2022 15:35	5809	316	5949	1135	1142
09/21/2022 15:40	5843	314	5939	1135	1141
09/21/2022 15:45	5810	305	5925	1126	1142
09/21/2022 15:50	5728	320	5891	1134	1136
09/21/2022 15:55	5759	309	5925	1136	1137
09/21/2022 16:00	5852	293	6206	1132	1138
09/21/2022 16:05	5840	305	6329	1130	1142
09/21/2022 16:10	5798	291	6449	1135	1142
09/21/2022 16:15	5855	286	6510	1135	1140
09/21/2022 16:20	5816	311	6606	1138	1140
09/21/2022 16:25	5898	342	6630	1137	1137
09/21/2022 16:30	5921	376	6588	1134	1141
09/21/2022 16:35	5910	385	6480	1132	1137
09/21/2022 16:40	5860	383	6550	1134	1141
09/21/2022 16:45					
09/21/2022 16:50					
09/21/2022 16:55					
09/21/2022 17:00					
09/21/2022 17:05					
09/21/2022 17:10					
09/21/2022 17:15					
09/21/2022 17:20					
09/21/2022 17:25					
09/21/2022 17:30					
09/21/2022 17:35					
09/21/2022 17:40					
09/21/2022 17:45					
09/21/2022 17:50					
09/21/2022 17:55					
09/21/2022 18:00					
09/21/2022 18:05					
09/21/2022 18:10					
09/21/2022 18:15					
09/21/2022 18:20					
09/21/2022 18:25					
09/21/2022 18:30					
09/21/2022 18:35					
09/21/2022 18:40					
09/21/2022 18:45					
09/21/2022 18:50					
09/21/2022 18:55					
09/21/2022 19:00					
09/21/2022 19:05					
09/21/2022 19:10					
09/21/2022 19:15					
09/21/2022 19:20					
09/21/2022 19:25					
09/21/2022 19:30					
09/21/2022 19:35					
09/21/2022 19:40					
09/21/2022 19:45					
09/21/2022 19:50					
09/21/2022 19:55					
09/21/2022 20:00					
09/21/2022 20:05					
09/21/2022 20:10					
09/21/2022 20:15					
09/21/2022 20:20					
09/21/2022 20:25					
09/21/2022 20:30					
09/21/2022 20:35					
09/21/2022 20:40					
09/21/2022 20:45					
09/21/2022 20:50					
09/21/2022 20:55					
09/21/2022 21:00					
09/21/2022 21:05					
09/21/2022 21:10					
09/21/2022 21:15					
09/21/2022 21:20					
09/21/2022 21:25					
09/21/2022 21:30					
09/21/2022 21:35					
09/21/2022 21:40					
09/21/2022 21:45					
09/21/2022 21:50					
09/21/2022 21:55					
09/21/2022 22:00					
09/21/2022 22:05					
09/21/2022 22:10					
09/21/2022 22:15					
09/21/2022 22:20					
09/21/2022 22:25					
09/21/2022 22:30					
09/21/2022 22:35					
09/21/2022 22:40					
09/21/2022 22:45					
09/21/2022 22:50					
09/21/2022 22:55					
09/21/2022 23:00					
09/21/2022 23:05					
09/21/2022 23:10					
09/21/2022 23:15					
09/21/2022 23:20					
09/21/2022 23:25					
09/21/2022 23:30					
09/21/2022 23:35					
09/21/2022 23:40					
09/21/2022 23:45					
09/21/2022 23:50					
09/21/2022 23:55					
